4
53
555 942
168 578
62 716
347 771
309 733
589 799
490 494
125 582
236 643
0 320
197 287
28 37
357 902
564 826
484 751
532 766
492 811
612 835
527 762
16 22
17 41
282 682
486 510
140 893
56 782
171 248
759 813
805 821
314 537
588 972
728 737
341 408
75 155
65 563
142 933
654 989
689 703
307 628
289 899
768 917
161 557
250 927
572 696
317 971
263 911
790 961
362 945
587 934
373 967
83 451
727 850
244 944
19 394
30
291 541
615 971
363 449
155 437
278 619
376 990
184 367
8 621
252 966
730 935
4 969
729 763
385 827
649 669
176 967
183 313
135 389
335 547
579 988
517 869
403 577
174 792
407 755
394 884
372 862
442 574
717 843
489 933
539 829
464 823
40
0 650
522 979
558 757
187 995
145 601
129 593
186 198
92 756
317 571
501 778
315 492
648 873
101 329
172 331
57 381
236 788
226 732
526 879
222 836
857 864
615 743
374 431
28 765
403 784
581 770
164 621
257 859
295 843
234 548
520 818
173 188
296 415
607 636
107 825
26 659
53 345
30 668
268 603
181 733
626 640
25
201 635
249 647
85 283
277 541
138 521
429 652
182 899
349 653
285 998
406 565
167 426
38 83
5 467
444 619
72 906
347 476
98 489
44 928
660 965
884 956
584 901
509 767
8 88
474 514
103 132
