6
936
1742 7210
4127 5149
597 9765
2010 9721
7683 9572
981 3251
438 6056
1690 5063
1635 9935
4958 9404
461 4092
1196 9021
3804 8453
38 1211
6671 8530
4581 7356
324 5300
6348 9800
3374 5892
6197 6461
3156 4689
2403 7977
4917 5698
4823 7951
493 5869
2813 9724
1096 2071
6496 7290
3412 6317
460 7859
1486 2213
8256 9731
4391 7299
616 3937
903 5095
5033 9163
9379 9559
3653 4875
2565 4098
6560 6742
7099 8726
5124 9499
1457 2827
3075 8275
2392 3274
948 6476
1560 8141
3107 5937
6028 9916
2581 4285
6960 9321
4054 5693
4227 7959
568 7989
1359 3332
4416 6259
723 4764
1425 5747
4886 8017
7304 9370
7156 9130
5081 6587
200 1223
6896 6972
3143 4676
6964 9099
5078 7771
6504 7487
2714 7562
1591 4101
3379 3637
8888 9806
558 7267
456 1213
1070 4170
6177 8210
641 5001
1574 4499
3841 8267
1696 8781
1019 5377
1641 3724
2031 6706
6854 9207
1390 1551
1852 9632
1713 9204
3012 4069
4425 7423
968 1541
3773 3808
3924 7250
2497 6245
1278 1639
1872 7647
66 8449
4053 6196
4382 9510
1870 7615
970 4744
6607 8750
330 2350
7735 9350
2715 8402
1950 2181
1142 4919
1862 6662
2117 5839
485 2935
440 4843
381 8546
5086 6153
6511 6573
3859 9720
7058 8417
7773 9887
4485 8747
4620 7406
5174 6909
1495 5631
8784 9110
1590 8413
3094 9247
4464 8620
1290 8307
2385 8646
1335 8751
839 7160
1780 7964
3545 8792
3320 9062
5110 8640
4174 6034
2831 8424
1646 6700
5357 6991
2662 6805
2056 4542
8633 9407
7965 9607
3716 8677
44 2108
5456 9310
3391 9452
3473 5334
5596 9384
8377 9313
4016 6520
2302 5875
608 7076
1119 2632
2604 3895
280 3454
3079 9156
392 5769
6627 7623
2464 5627
5686 5930
3815 7840
5198 6531
5508 8524
1626 9309
714 4902
4196 4970
6150 7612
239 520
4663 7742
3044 9689
6129 7360
4295 7107
2476 7271
4022 6899
7695 8731
3613 4644
5801 6381
1978 8603
6178 6597
2735 9192
2314 9881
339 2019
9734 9998
2748 4452
1706 4042
5998 9220
390 8785
6639 8622
2045 8168
4608 9608
5758 8030
2781 6516
132 3936
4806 9446
495 5949
1725 2554
2418 3343
8868 9405
4199 7529
4276 6365
4336 6526
974 8601
1403 7400
196 2901
3589 4838
4831 6518
4138 6248
6425 8505
6238 6965
2986 5225
99 1353
2375 3408
3217 6355
9682 9709
5048 7407
2585 7231
1874 2599
470 5947
4865 9199
1682 9786
6726 9549
2496 6808
3560 8199
3831 7734
2047 3544
6224 9657
144 5970
16 1896
4574 7222
2870 5147
3616 8550
1351 6073
3317 8709
5291 7398
1330 6203
893 6660
3140 6448
8412 8511
5303 6744
4568 8356
1093 6519
771 8183
3276 5718
9253 9358
3521 9547
924 1740
2954 3618
722 9320
5483 9939
2620 7397
4080 5561
4033 6919
33 5833
1502 7025
1699 6403
8661 9146
7336 9393
6860 9196
3152 9028
3810 8928
2810 6637
2441 5200
5089 7208
337 9958
3694 6284
1017 8302
699 4107
7464 7723
103 1823
2026 8814
3604 4853
5009 5880
3582 6256
1423 8255
309 5112
1227 3431
3753 3974
1322 9074
5217 7016
4335 5230
2420 7186
6802 8676
582 7546
8097 9867
1419 2269
1467 2742
4304 5479
5985 6475
4218 8568
4262 7293
3325 6198
631 7291
5180 8647
2889 9188
3337 4473
1676 9469
825 2072
6618 7410
3595 9571
447 2482
2718 7449
354 9725
93 3329
8054 8161
1479 2146
7243 8974
1172 4406
1328 9733
1147 5861
2237 7879
4477 8484
5175 6163
4526 5997
5317 8707
2477 4734
243 8315
2779 8635
3781 7746
2668 7687
9338 9505
2091 4511
4090 7891
4384 6883
8597 9606
145 1585
4716 5385
2510 3487
4207 8817
4751 9533
6347 9802
6292 7620
3123 6120
1504 6386
585 6887
27 9167
2083 5701
1526 5610
4478 9076
1434 8742
8130 9780
2707 7191
1771 5980
5113 9591
1153 4877
6420 8248
3834 8759
2433 9232
3280 9467
1381 3167
801 2852
4115 5907
2225 2488
2455 8096
2426 9422
865 5088
504 1612
1821 2798
1618 3730
8197 9011
1288 9166
1286 3921
1935 3861
951 3159
1547 7310
5710 6176
5575 7714
500 6293
5843 7718
7825 8988
3906 8873
3562 9482
192 7339
681 4713
885 8438
7082 9228
2171 4180
5 1831
320 3622
1665 7541
1355 1629
2540 7861
4986 5671
2216 6962
5315 7760
297 2121
4671 9243
4922 5244
5383 9341
2124 7689
7997 8802
4594 7264
7012 7597
365 8796
4754 6688
6679 8278
2168 5405
3791 7983
1532 9078
944 4364
4070 6458
3047 7505
3131 4347
2655 7534
6269 8934
2354 5019
682 7226
5250 5413
2361 9790
6874 9688
1383 9885
8981 9669
1083 8548
490 9122
3971 7838
5109 5935
513 5460
674 7451
6689 7506
2814 9121
1803 6724
2603 4179
1828 9785
8542 9581
4847 5117
1877 7329
4472 5353
3958 8611
19 3524
5576 8287
84 6301
1781 6277
1940 3153
666 9470
667 3908
4319 8690
1456 7927
3436 9923
6303 7729
3986 5696
3417 8651
1350 4448
2063 4482
6871 8977
5625 9692
2932 6086
1939 2936
5401 6512
7332 8935
3848 6868
3945 6434
2236 3009
555 3271
2787 8753
1313 9212
28 7577
2364 5007
6366 6654
1204 2368
1704 6685
925 2703
6474 8179
3011 4702
8085 9600
1579 2348
2902 5536
2789 2846
2764 5348
240 1118
1758 2594
5273 7296
1531 3335
2794 7560
6008 6595
3327 7143
1144 1822
1358 2130
5613 7507
4100 8532
4432 5887
219 6815
6204 8371
827 8848
4176 5364
8166 8357
5283 6274
5286 7327
562 1786
5620 7017
3748 9708
2843 3755
3992 7976
1987 2023
4001 5345
3997 5952
4821 5438
7749 9458
2644 9811
8762 9837
6172 7574
2657 5821
2033 2048
6465 6466
5215 6515
9124 9954
5233 9378
882 4188
209 9938
7938 8159
3185 9659
113 874
429 6206
5393 5830
1369 3148
2294 6715
4356 8616
2410 6650
3935 6037
3215 5689
2628 9601
2196 4943
1709 6368
5384 9563
2422 3040
1197 8523
677 946
5214 6978
3775 4691
1011 8062
861 4004
416 1458
405 5933
8833 9569
22 1811
5759 9789
794 9676
6893 8447
1566 5387
193 3389
3055 9195
2131 2650
2209 6822
3566 6418
2552 9594
962 4698
5272 8668
4688 4737
476 8985
1937 2105
2133 5130
6416 9365
1110 3469
2711 6723
3247 4225
5243 7884
4924 4987
4037 4086
25 3238
7345 9086
1988 9531
593 5455
1938 9930
2012 7354
3671 3932
4801 6817
3415 8241
2596 9471
5262 9091
5067 7483
3411 7214
6104 6395
4113 8600
5170 9737
13 7945
652 8968
811 1056
110 7777
1728 6094
4046 7737
5165 6551
471 3206
664 2448
1415 5435
3233 9485
703 7826
4000 4234
7179 9330
4326 9433
503 9447
3552 9523
6911 9400
969 8027
2978 5732
3235 6780
541 1984
2316 4269
730 8976
6180 7962
1867 7437
2780 4245
3554 9719
3205 6339
4470 9639
4283 7853
920 3920
6276 9406
5447 7802
7080 8190
1375 3723
7724 8502
3711 4528
229 8194
3018 3528
725 980
4328 7233
4135 9410
138 2397
4666 8812
4674 7273
3695 4895
1977 6507
30 6750
1795 9754
63 3976
2875 4271
8082 9263
1600 3489
2326 6684
6319 7821
3708 9598
3307 9450
6343 8574
1659 9540
5096 9703
4516 4796
979 8589
3309 8283
2260 7930
6435 9911
7280 7401
660 2636
6091 8011
1749 1841
2990 4402
5728 8388
622 1310
799 4866
3214 9915
5188 5454
688 1707
3981 8914
2618 7130
3904 8093
6144 7971
3377 3754
7979 9942
7929 7937
1832 3402
8077 9019
2365 9001
6089 9611
2452 7176
4788 9203
1238 7204
1772 6291
1160 8653
4061 6855
1627 1731
5675 9273
6670 8288
244 1046
5041 6304
3166 6924
3324 6781
2111 9391
1564 3679
183 315
1149 4604
4352 7867
5157 8380
1027 6364
3446 8822
3955 7579
3267 5987
1736 6634
7467 8423
5027 5104
2301 3667
4880 5068
4064 8036
2826 4591
155 7352
221 1650
3061 7283
3068 5209
6992 9150
3968 5462
4766 6880
3151 6337
8416 8911
3021 9462
4334 4953
1959 8717
252 1246
7456 9472
4301 9857
368 8365
7974 9539
1175 2481
7936 7996
191 7819
2717 4292
225 2134
702 9680
3203 7822
1956 4628
4393 8203
1276 1890
757 8664
2400 8626
149 6254
5529 8379
737 6192
404 2685
2356 7396
5507 9538
1022 5692
921 8733
4091 9955
5409 7215
347 2966
6968 7302
7702 8767
4799 7987
917 9303
6114 9488
1776 4238
8552 9200
2693 3393
3328 3519
1897 4759
1074 2138
36 9742
1519 2888
5766 6480
5212 7883
2480 8013
2068 4071
773 2547
3424 6422
2436 2987
831 3051
905 2607
5140 9997
4560 7915
1493 2373
3823 6549
2281 3231
2311 4095
48 242
862 2030
4320 8534
8026 9014
2351 6302
5897 9461
2900 3006
5277 8462
4883 7062
3225 4345
4075 4277
5824 9003
5797 8297
6311 7328
4710 6247
6063 8296
4881 6812
4424 8394
1651 5425
7056 7172
2489 4202
4186 6127
4776 6646
4767 6762
486 2024
1915 4368
1219 3500
3965 4934
8715 9749
1013 2383
6015 6938
423 797
1106 7654
931 5227
6380 6928
3397 7417
4229 4344
222 5736
1859 5720
7490 8836
7418 9149
323 7835
4164 8581
6233 9347
164 7794
3005 6575
217 1120
2357 8866
2560 6477
5528 9296
307 5274
58 8102
171 2531
2578 6405
3499 9428
2226 2376
1475 9360
4781 7465
2266 3177
1121 8031
4152 8625
6208 9301
1225 8810
7223 9075
3837 5008
2539 5532
3211 3432
5556 6076
4458 4969
6888 7514
8429 8545
804 6088
3890 8952
647 9548
5608 9177
6306 8877
6616 9123
3336 5838
1130 9066
936 5201
261 8169
584 2865
2318 7481
7040 8857
958 5524
5911 8922
3155 8393
7764 9819
469 9430
5111 6925
4547 4575
2331 5295
203 2549
1399 9135
1210 8273
8912 9979
3608 4681
3204 3833
7378 9185
5621 7373
3682 4531
606 8907
341 9660
409 3262
3593 4845
3110 3942
6827 7031
856 2958
3758 7375
5099 8251
1437 2809
4747 8004
2127 7889
8910 9596
179 7346
2651 7778
5030 5771
7315 7593
318 8887
1863 3034
2690 4573
2057 4623
8554 9480
1501 5489
1284 1931
4967 7027
4514 7087
2709 2840
3127 9081
6568 7655
2686 5179
1444 6989
8266 8336
2235 9940
2417 5412
4156 4395
1051 4816
5182 6103
1080 7642
1594 4541
5682 7434
2345 3570
3684 7810
400 3059
1668 8978
4593 4811
2020 5389
1601 7893
2479 7432
2053 7213
3497 7563
3739 9224
3378 5365
3569 7716
5391 5906
3430 5535
245 9277
4513 7043
4203 7476
745 1727
453 1202
9194 9788
6109 9580
1673 8373
340 1732
1064 3615
2819 9063
2969 9374
3912 6657
2500 4265
7046 8521
1693 4753
4923 6653
3704 9012
1715 4459
5290 8407
1845 2017
3014 4545
3863 9570
4706 9440
835
4977 8478
6273 6516
2775 7803
984 6682
4792 6140
349 9256
1328 9853
4881 8665
955 8848
2299 6660
5231 9960
6821 9487
3136 4216
3352 7084
348 9429
5840 7066
308 6197
5678 6829
3693 9332
1087 7604
667 6000
4756 8030
297 8482
634 891
5452 7128
1467 8054
3022 3921
6034 9219
3816 4657
732 8507
7027 8902
4432 9078
5373 7569
1747 8337
1245 2326
635 2447
6426 6867
5653 8226
510 9663
5120 7582
3376 6330
5765 9039
3552 9442
3614 8809
913 4958
5322 6609
1912 5822
1157 3406
6032 7904
1655 4320
3227 3650
3153 3489
3175 3626
5606 8469
956 6472
3578 3980
633 6864
2646 3361
3249 7407
1969 2374
2596 9597
192 7692
2949 9505
3070 5410
1014 2550
5256 9545
4788 5693
623 3613
245 7610
3509 5222
6950 8305
2280 5780
373 3976
5053 9501
4177 5499
741 7010
16 2301
5727 8293
8212 8369
1461 5018
1106 2243
2844 5954
1138 2258
3754 5674
3476 4921
6513 7446
1964 7836
1266 4443
3082 4197
3734 6499
2001 7764
3076 3854
8052 9184
186 498
1358 2827
6193 6298
4039 6967
3607 9367
3004 4933
3943 6079
4989 8807
1401 2292
135 1568
4356 6547
3252 7824
2668 6704
3640 9159
862 7500
772 3953
1629 2575
3411 3616
3716 5434
8794 9024
469 1219
6180 7792
544 5977
3061 6224
7661 8006
8812 9683
4325 6232
1938 7299
1392 2674
4355 7437
5242 5639
4848 8402
939 5262
487 993
1750 5539
4394 8384
890 8580
2446 6106
3484 5663
7612 8770
4466 6200
6438 8178
6075 8602
832 2894
2125 9341
693 1660
5936 5989
5409 7482
7506 8859
3535 5672
1068 9626
4046 4675
4072 9724
5419 5517
1055 3824
56 1091
938 2395
1674 3519
4531 7494
6988 7802
6674 8702
8228 9276
5916 9093
587 7698
2633 6305
665 8622
4379 8823
6893 9177
8404 9940
5272 7638
641 4558
1265 9903
7105 7258
4761 6579
4182 9655
761 6654
5924 7527
1104 5370
3857 5158
6794 9726
1353 7636
394 6747
552 9795
5375 9681
3448 5956
3883 7712
2987 8907
6471 7333
3066 8938
7951 9542
3928 4594
450 2331
207 4478
1042 5801
2271 4185
4611 9396
9161 9630
223 7113
3463 5740
861 4277
3223 7155
2858 3482
6699 7130
3782 5859
3945 6771
3876 6605
2923 3759
4537 7930
1003 6690
184 7402
457 4782
5831 7597
609 5467
1616 9552
2343 3317
1369 3970
249 1783
2095 3573
1539 4951
908 9402
4823 6431
3662 7283
248 2503
7711 7954
501 2250
1064 4600
650 7059
1382 3618
1908 5871
3416 6940
642 5881
1721 8283
2248 7528
3241 3539
4269 4994
1549 2704
5360 9950
4070 8350
216 1471
5922 9602
1009 2748
455 6053
1597 5739
6585 8358
6237 6894
7296 7371
4327 6876
2801 6412
271 4661
5650 9325
6852 8044
617 6761
5134 5819
7547 7699
1025 8749
2595 9308
8286 9861
1366 6508
538 801
2387 3580
8631 9373
4880 8088
4797 8932
3364 8736
7995 9856
332 9291
1863 9518
1553 6588
1547 1918
4274 8098
2156 5671
1758 3942
142 4954
2370 8861
1431 2816
340 1231
4100 6137
8188 9430
2371 8103
4213 4697
3774 8221
725 6724
1536 2106
2321 9285
1515 8754
6340 7275
3924 7593
3512 9537
4296 7455
2038 2972
950 7214
1125 9572
1725 4539
7224 8824
327 1737
3238 7071
4969 7533
2506 8517
696 9696
3637 5014
6070 7026
2616 2764
2868 5247
4694 6087
624 7387
369 3568
6713 8779
4548 8608
1797 4705
1226 5843
1456 5302
4275 9812
6258 8818
917 1702
2302 7051
7241 7359
4287 5465
1723 8158
6577 6788
2024 2334
5575 5834
3019 4326
390 9892
4160 7086
2006 4306
3549 5763
5805 6380
6563 8360
2941 4853
1812 7732
1197 5389
906 3936
7223 7238
1538 3208
3772 5243
222 8510
2985 5073
1848 4793
2947 9128
5988 6604
8930 9420
1736 6564
5344 8909
2501 5925
2467 4588
1570 4536
8016 9541
4282 6303
3431 7931
970 7346
7780 8368
4138 5228
1304 7210
3673 9676
2070 6095
990 7006
1089 9165
5069 6939
2547 3123
1006 9492
3904 5635
5346 8765
8383 8939
1698 9847
6091 7771
921 7881
7035 7179
4312 4757
1631 2195
527 4236
3017 4613
1785 8627
4699 5933
8183 8349
2330 8603
4914 7117
286 2837
680 2528
4335 6569
3542 5160
2673 6618
3142 9808
2814 4934
5532 6976
2523 9446
4734 9804
3656 4397
2777 6110
4214 9793
236 4103
3165 3602
1874 8298
2050 6027
4044 7599
5020 5047
6296 9996
3649 5197
8354 9139
3516 6466
4186 5136
1224 8864
8416 9958
1990 7048
2123 4807
6459 8391
1065 4662
860 1639
5585 8885
2237 5041
2557 9183
7322 7703
3251 5570
444 508
2122 8646
4560 9876
1342 4249
4814 7783
482 2498
1965 3826
4382 8533
445 8206
1510 4818
4659 4742
1838 5656
1170 4145
2693 8161
1905 7497
1752 2353
9945 9968
5424 9803
480 7871
2779 5417
2568 9300
6622 9740
183 1596
2054 9614
2270 8999
8157 9673
4151 9179
7418 9916
773 7544
4226 9080
9253 9582
1302 5869
4836 7297
2191 5891
4861 7257
5687 9589
8101 8950
3390 9836
4299 7629
1910 6133
760 7809
2000 4632
9390 9603
2958 3529
2902 7925
3587 5348
5738 6934
7736 9297
4049 5690
3399 4520
1355 2815
7133 7834
3766 8116
1207 7804
7030 8342
229 3091
1967 3565
2680 4835
1278 3043
3517 3898
4553 7974
3068 9262
1680 2570
3116 4896
1047 7098
4515 5065
2918 8664
6063 7060
7679 9744
2411 4867
8201 8751
35 1945
4446 7876
8130 8559
7562 7786
2317 6423
2516 3007
1075 4471
4179 8916
3730 6871
86 8560
616 5818
3499 9667
3696 9987
2206 9401
1412 4176
3931 9912
3893 9268
5350 5536
2053 8190
826 4543
5224 7107
5874 7708
3111 4349
8661 9288
5185 5368
4206 6246
5396 6126
2821 3488
805 2963
1063 2849
4750 9596
25 5651
797 9263
1143 6064
4901 8083
4442 7690
4633 7752
1756 4403
1917 6210
1614 1840
1466 9593
3710 6869
4370 6086
3466 7315
542 4156
522 1368
1205 9089
7704 9374
6406 9982
8276 8918
3197 8408
10 2632
6523 8336
755 9255
3432 7535
524 7820
2721 3455
6702 7543
4869 9436
375 5092
2751 4569
4088 8612
4150 4313
2488 6381
5479 7417
786 1019
2016 6615
402 2928
852 3801
367 3221
125 264
2225 5412
1623 3768
2218 4602
6148 7453
2249 5652
3654 9852
2268 3786
3452 6638
318 1196
3186 4776
628 2107
1151 3634
3913 8472
4535 6255
4711 8344
8977 9646
368 9027
4387 9391
2400 6454
1 9049
2360 4273
2004 4106
6511 6556
27 4314
5392 9761
1404 9185
3316 5611
196 6219
1362 8933
1544 4808
1490 4522
2136 2847
1040 7069
5516 8092
3409 7874
6367 9918
1696 9495
189 7378
9203 9409
3384 6806
1206 5293
941 1670
2933 3576
8668 9954
6321 9421
4619 9739
4069 5494
69 5640
4173 6953
3985 5862
1211 9235
841 4528
206 6841
149 1881
7385 9360
581 683
4191 9835
795 2434
1731 7430
5935 6347
4856 7200
101 9684
1326 3439
4316 9223
1822 3062
4943 7249
662 9887
474 3986
668 6353
1454 5498
2707 2906
986 8811
3085 6933
1110 9767
1565 6172
4415 4473
2905 7811
2521 9494
6299 7114
1178 9890
2382 4672
3830 8667
1105 7892
3380 9530
1852 6647
126 3311
4517 8513
4889 7553
6207 7103
7019 7205
3101 5406
1077 4380
3202 4888
1275 2452
6135 9320
8058 9226
2612 4554
714 7794
9241 9609
971 7434
5338 7120
1778 6656
1165 7758
2734 9264
71 5278
6429 9328
2128 4250
4448 4966
1839 3812
8070 8230
2037 7043
1343 7452
1860 3589
785 6529
2520 4618
2312 5056
401 3230
3194 9164
6225 7077
8045 9649
2234 4753
1525 5395
7947 9087
6874 7057
540 1066
2089 5657
2422 6413
1485 9372
2637 5345
2092 8898
5314 5906
2739 3651
4481 4680
1098 9270
671 6349
3470 6692
1761 8468
8128 9126
8043 9619
3553 8810
3845 7585
3294 3800
83 6755
7015 7896
1865 7767
1493 4204
2247 4360
2914 5707
835 849
6969 8381
1208 1215
1883 8605
8586 9785
6999 9102
1769 2752
4262 9569
5217 8597
440 5334
6954 8287
4303 6268
1325 5662
5132 7576
8454 8777
577 5914
280 2583
768 836
927 2962
1644 6024
859 3863
5721 8275
2515 7883
1612 5715
1139 9587
5193 5848
1273 2282
4112 4293
2246 8291
1191 6160
1671 7304
6838 7344
3797 6798
1176 2177
309 6551
2766 9473
1693 8268
1717 7104
3967 9924
1258 9475
195 8299
3403 7215
858 8734
5124 7366
6993 8359
1411 5546
4752 8210
3923 6450
7956 8998
1511 9307
3738 9459
2083 8568
5771 9777
945 5752
4915 6393
3610 6440
3645 4986
4025 9211
2489 3844
2315 5713
3825 6468
4702 7041
4238 9321
8645 9598
3527 4700
4 4822
583 8487
2705 9437
2712 9138
4765 8229
8621 8994
5319 8463
2492 2605
6389 8453
698 5282
1927 6067
1373 8104
5603 7335
4903 6051
2543 2648
3421 7521
695 7635
6329 6365
4319 6352
5252 9010
711 4267
3737 6760
8009 8968
3835 6458
1555 9370
4241 7087
1807 3011
2892 4482
1403 4587
2034 9028
2826 6996
1469 8038
6583 6859
4292 7666
1076 9561
3347 5177
817 1976
3564 8258
218 5173
3799 7191
489 9911
5821 7993
3643 4105
2810 9671
4923 8380
2455 3525
2586 8316
626 9247
1628 2969
3355 5290
2279 6643
4834 9346
5798 8590
1363 8862
7156 8376
1998 7442
3449 7903
6342 9742
5315 8591
1835 6451
6672 8018
6986 7817
4855 9500
4650 7248
4777 7044
4639 6935
1272 2081
4905 5813
1339 5753
2135 5827
525 8020
0 3304
3971 9524
8529 8801
654 7203
510
6566 6927
3137 5626
3376 9977
7252 9422
3821 8236
5850 7808
8358 8443
97 433
4776 7147
8592 9657
3415 5427
2427 3343
3965 7636
5572 7312
1950 6766
192 7173
4607 6611
951 4451
847 2863
2459 4538
1031 8282
2095 6020
709 5816
8215 9642
6554 8458
2119 3318
2448 8814
1468 3061
1011 1197
779 7228
69 644
1395 6693
2092 8239
2538 4417
5244 8136
7679 7771
4616 6626
3485 7940
3105 5840
49 621
4552 7639
5779 5865
3252 6900
3768 4107
7196 8524
4436 8406
2968 9831
96 8110
6497 8769
7163 7829
6413 8050
1083 7944
4631 6488
5291 9197
2997 8376
610 4505
1577 8312
5517 7557
905 5040
5834 7048
568 5701
251 9950
4566 5466
2332 6189
3316 8253
7710 7782
1939 5702
5548 9691
1995 3014
1702 3860
1966 9478
1474 6896
3985 8903
4821 7350
486 9024
2357 4233
4183 9707
1806 2779
1666 3380
198 982
3802 7641
4626 7811
4759 5492
5915 9610
1007 2939
344 3471
2089 2897
5694 7346
2149 9260
2193 4815
2413 5157
7698 9873
3770 4178
2211 3708
2872 4413
2187 4002
3649 9441
2600 6270
2299 3148
2706 8636
2479 2929
4401 5617
2510 3681
3817 7667
581 5689
7027 7247
3303 4708
3159 9976
1488 3757
9907 9972
7447 8116
1050 3251
7013 7577
2804 6864
2432 3512
8716 8906
1215 5791
2640 7607
4086 4494
532 819
4432 6573
194 8550
1130 6535
3458 8307
4610 9851
1344 9539
6363 8020
1378 3417
3727 6933
6017 7720
8310 9821
1155 5258
7548 7820
5016 7769
16 7227
1005 5802
1783 5222
6416 9015
9383 9510
2458 7775
7097 7359
5605 7090
9009 9913
2390 2713
2547 9635
4726 5393
4520 7889
1413 8651
5374 8617
189 1529
2022 3280
8620 9087
443 4258
291 7482
2121 6796
2974 3246
8066 9840
1152 3975
4368 7004
6195 9102
5355 6376
4884 7415
170 3503
2624 8085
3208 4259
1882 5471
1310 5478
4202 8557
583 3884
3401 8657
7727 9609
2104 7421
2036 5191
2695 8989
241 6085
1820 5846
8947 9859
1443 6236
957 9461
2408 8439
752 1472
211 3055
4206 7546
5459 6619
361 715
2034 3335
1172 9408
5636 7240
1737 8448
7866 8797
517 8734
2362 4509
7578 8414
5892 9377
1375 4108
1053 8996
4326 5319
2507 3582
3047 5712
1628 1798
5473 5837
5286 8748
6464 7050
772 1620
4562 9904
5063 5863
1749 9124
5487 5567
2573 3608
2205 3106
707 5104
5119 5601
1146 8841
7818 8863
5018 6771
4947 7678
3006 5951
7746 8029
1774 5096
31 2365
4571 9454
277 8369
1392 3302
438 5048
8285 8584
3412 7916
4530 7512
4861 5413
4863 8096
7851 8882
2346 7183
326 4663
2937 8998
296 1024
3232 9077
3639 4670
1136 1173
1356 2243
6589 7872
5429 5570
4860 9808
4298 9700
2069 3107
5367 8991
7907 9809
7483 7838
2524 8058
686 5169
1779 4983
2943 6591
7341 8626
104 6216
735 4366
1379 1604
848 4905
4135 8500
5265 5676
2431 5232
2601 7898
3167 7680
5502 5856
5743 7184
106 328
266 7089
4427 5270
1686 6096
6527 9248
5733 9652
382 5300
19 6423
3139 9918
5587 6099
549 3373
2206 8609
1234 1296
2400 9516
7316 9602
1748 8003
4897 6436
9417 9513
1967 8026
5075 7051
2073 6094
832 4601
2500 3320
2954 7728
2486 7146
1985 9646
4143 6351
5320 7452
127 6521
3555 5772
525 4646
4458 8103
1242 7724
18 1387
666 2363
530 2517
4119 8681
3734 7774
2384 8051
5807 8817
365 3411
3693 5315
181 387
6972 7325
743 8477
6769 9549
3262 5775
2874 7125
5302 6756
2690 3872
2423 5746
689 9023
2261 6918
511 7098
2394 6047
116 5949
5175 5854
516 7826
8969 9386
5998 9502
1776 7835
2111 6163
1845 7798
429 7113
6588 7687
3947 6122
1213 2979
2769 5138
5883 6092
642 2595
1716 4449
1825 6811
1607 6323
7644 9340
396 7441
369 8623
1100 3515
2564 5752
7181 7875
3265 6500
854 9603
1118 8678
1998 7542
4004 4489
3950 9034
27 7020
2044 8126
1714 3987
1676 7883
7410 7893
2487 4059
6135 9590
803 4790
3889 4194
6234 9163
790 4419
3031 9674
1531 4937
5205 7204
640 9215
2284 6040
6449 8877
3283 5025
441 9583
424 2617
1521 6109
8319 8540
2317 5957
1447 4721
7744 8225
6226 6594
3834 5316
5885 9292
4109 4228
820 4764
4511 7282
4964 8391
1046 8267
2898 7868
3226 9689
4891 7422
2917 3954
1181 4900
6752 9412
166 9202
2097 3326
3724 7479
288 8151
3371 6647
1092 4032
5177 9128
3946 6975
6482 9626
2774 6156
4331 7222
227 6536
177 3212
199 538
513 3588
4232 8061
5166 6739
3609 9566
1494 7638
3333 4809
1621 6704
1720 6909
5609 6075
4987 7923
6015 6339
2057 2554
2221 6097
180 4221
4169 8907
95 5643
9336 9541
4498 7053
3054 4065
1096 6034
4142 5509
7622 8117
5140 8495
8679 9694
2853 3406
948 9605
9629 9724
1964 3201
7915 9617
1067 5292
2831 6425
8143 8403
124 2021
2549 5536
2758 7472
8006 8866
6605 9712
6516 9508
3748 4136
7926 8968
3913 4827
3059 3895
997 6432
2145 5708
3538 4355
284 954
7 4967
1318 8952
2745 6768
2210 7662
2678 8190
4338 9909
90 6598
1581 7881
4454 9915
1008 4517
5826 8598
2099 3468
2147 3004
2030 5206
2202 4033
604 6641
1788 7110
2749 6057
2015 4829
495 6372
5235 7363
2368 6777
5853 6787
879 9986
5932 6100
5005 6361
21 553
2341 8581
3642 4634
984 9317
3017 5259
8323 9739
2171 2356
4267 8353
6965 8038
560 2277
1975 5879
569 2265
2715 5827
2802 8455
5947 9312
1631 6406
727 1261
4918 6148
529 5596
2338 5112
761 3623
4985 5946
5247 6201
5670 7757
9016 9193
1186 9036
947 6583
2376 6963
6203 6306
4687 9136
574 665
7198 8892
5021 7165
5842 9423
6414 9645
9557 9902
2189 2519
8372 9140
50
8094 8320
2229 7881
298 3071
477 6890
1008 3539
3980 8440
130 6714
7306 8088
1282 9903
5152 5658
3190 7461
2697 5779
1572 2254
4954 6323
844 2437
6021 8665
7733 8066
1811 6423
3010 5859
421 885
8632 9243
730 8558
2000 9213
2537 6158
1860 6553
5190 9932
8447 9308
3433 8700
3956 5717
1484 2947
939 3659
1581 5730
1186 4776
1653 3205
2848 5467
1462 6885
807 8948
2298 6036
5659 9072
5142 5866
2519 9516
719 980
1647 8103
4128 9317
3939 7411
709 1815
4183 4921
1596 8745
5845 7186
3967 9879
562
3967 5644
2756 9642
1232 5041
6214 7442
472 5430
1094 7493
7945 9771
6052 8874
5050 8657
2218 9472
1495 5950
8362 8834
8459 9201
5487 8811
2810 6504
1691 1849
5412 7044
6998 8130
7677 8461
4462 8203
7206 7298
3069 5103
2075 6778
7767 9770
3708 4598
574 7058
581 3947
7936 8245
1895 6151
39 9094
827 9368
8516 8579
919 1768
286 8831
6256 7446
6082 7769
2332 3964
4206 8656
6806 7182
2906 4953
3167 5109
175 1883
4833 5617
2066 7114
3827 7384
3983 5758
1126 6278
1246 6131
369 3361
1117 6439
3991 9004
6553 7284
3054 7527
2921 9982
5785 5874
2159 6575
814 8841
3175 4772
3121 9881
2596 8287
1070 6159
5362 9871
101 6447
2519 2999
1940 4845
5254 7997
1866 6357
7520 8115
5370 6585
8222 8688
3427 8563
2497 2617
5275 7078
81 5104
8711 9951
4811 5955
1110 1332
1053 9591
4066 7220
1969 9760
1297 2249
364 7181
2687 9230
3859 5245
608 8766
3688 9575
2784 3506
5352 7707
9242 9505
4411 7841
4496 6303
3300 5422
1122 5802
1544 9607
5461 9174
3014 4838
3464 8374
2183 7942
1256 8367
8363 9579
733 4889
3452 6195
1788 8879
7518 7907
3860 5187
3174 6532
2938 8988
393 2131
3046 6857
8020 9097
9003 9626
3824 5099
4287 8186
5830 6788
215 8228
3221 9907
3332 4714
4036 6338
4660 5978
1939 6399
4587 8100
2277 5861
4560 6668
1477 4080
2361 8807
1379 7314
1169 2773
4205 7255
3994 9491
1565 6684
3728 9785
910 1660
5714 7855
4261 8316
4324 8264
330 2991
6887 8412
3987 9660
5376 8334
6800 9766
2412 8297
3656 9768
1380 9208
537 2911
3527 4519
1179 8588
5045 6948
527 4566
1933 5847
2809 5196
842 1371
1176 2378
497 9903
3804 7981
7738 8663
734 6928
2478 4528
256 4721
79 407
2504 2533
287 1655
3498 9532
3634 8218
1465 6711
6830 7112
7883 9936
5141 6660
4248 8265
1154 9366
25 779
2475 8615
975 4600
441 4535
3284 8457
3111 4330
977 7802
790 5669
526 5995
9141 9567
3314 6687
2864 7238
1318 9121
8340 8506
1385 5462
705 1280
5845 7145
4504 5349
329 5340
619 7170
5675 7290
7617 9384
7190 9054
810 5998
7715 8508
1366 5213
399 6608
3899 7344
4879 7644
2542 7628
4921 6098
1580 3184
3223 6743
2678 4715
189 599
2294 3742
794 5748
6981 9691
5143 9294
1759 6180
4938 6024
4530 6771
2582 4568
4876 6892
896 6260
1312 9959
808 8788
689 1671
114 5944
9565 9605
6275 7854
7495 9418
2007 7149
151 7547
691 2680
9040 9512
5653 7461
3159 6133
93 7795
1618 6186
8156 8258
802 6987
2405 5690
7494 8633
5004 9520
1870 7459
3855 6091
5853 7327
806 3191
8937 8982
1194 2353
2525 8526
5664 7107
82 2187
342 6222
4215 6438
1260 7429
1456 9251
5578 6342
4620 9385
3806 6347
2471 5203
1852 9789
5854 6208
1915 9652
3504 9862
3267 8060
6265 6590
6467 8384
739 4946
2178 8418
5179 9316
6070 8387
363 9714
4249 7432
588 3477
6175 9984
5749 7097
5922 7538
1541 4911
785 3522
3618 5089
6856 7946
3703 3826
2560 2734
5330 6583
1245 1991
2260 9915
8426 9582
8281 9231
279 6412
3383 7872
3830 6432
3483 9169
3141 9139
1740 5146
125 8733
1706 4658
2951 3883
6643 7412
7440 8960
3465 8078
1418 8071
2266 3519
3889 9340
5980 7048
1443 3178
1383 7871
2087 2903
3666 7488
3444 7758
2334 8124
2851 6641
2992 6204
69 5636
2787 3222
838 7305
3721 7320
3748 6442
1466 9728
2633 5046
6419 8976
4858 6087
5832 9775
3440 5632
5618 5859
3329 8947
3677 5613
1212 8840
5010 9320
2219 3035
3399 5378
3306 4942
630 9200
2770 3878
3217 4233
4292 8549
4443 7860
2862 6076
2942 3957
2532 9564
755 4837
3743 8099
1427 1702
1555 6453
6371 8306
3201 5691
2356 9650
938 9995
4486 6187
3168 3573
5247 9310
724 2935
2797 6637
2919 9571
6325 7426
2265 8397
1684 6912
651 8499
3884 8466
368 2502
702 2482
4150 9534
4461 7557
2339 4361
4507 8154
2371 4824
2850 6551
2214 3245
5737 6102
3420 4140
3753 4015
991 4147
5779 7686
929 9489
4864 5291
3133 7172
3904 9086
4745 6499
2130 7138
1264 9269
3582 6477
7396 8358
4444 4523
7724 9033
1812 5018
1576 6025
883 5741
3005 8744
5509 7771
5992 6066
8990 9487
5182 5932
2414 3262
721 5762
936 1004
1703 3176
411 3985
1438 1652
4368 6762
7188 9226
3892 6542
2731 8043
3507 5121
610 3944
7113 9533
4836 9857
1856 3787
5949 7266
2299 5438
354 2868
5825 9703
3090 3887
5819 7108
7247 7250
1808 5131
2153 3373
5875 9998
3423 6414
7403 9160
5661 7858
5502 7252
5989 8837
3338 8525
7334 7641
222 4694
2815 8673
3863 5140
2062 9091
789 3705
570 1922
7499 9861
262 1787
3089 6623
2875 6949
3254 4412
6451 6781
3769 8707
3665 5332
4476 6249
1311 7349
2431 4018
4210 9361
7245 8843
2690 5982
4784 7498
875 6885
2456 6374
1142 2399
917 2621
1596 8407
3394 9608
2614 5241
1198 8069
1557 5006
7865 9717
1989 3253
3087 7626
7595 8008
2272 9321
1622 7102
1295 3932
187 242
6445 8625
4442 5530
3148 7608
8386 8481
239 1871
226 9081
3274 6145
3362 4029
585 6728
3269 8144
7018 8256
776 5347
1351 5503
3379 4993
5180 5764
8047 8926
3568 4630
2820 5217
2636 9690
506 8238
7185 8760
308 8161
3124 6012
3657 5152
5015 9164
2645 5981
3125 9397
8635 9589
5313 5708
2509 8393
6221 7581
6320 9932
4626 6995
257 8178
3106 6231
373 801
1000 5353
2315 7126
891 1579
704 4148
8709 9360
7207 7970
5905 6964
3635 9096
3515 4989
1605 4049
6009 8171
3471 8366
5355 7809
5105 8863
4643 4682
1529 5867
2319 6908
887 1140
200 3821
1553 3818
4788 6377
2243 3873
295 732
5907 8056
895 4106
3209 9941
7545 8414
3432 9173
1403 1587
3484 9656
1719 4482
4601 7736
1269 6802
3260 6443
605 4905
1801 3903
3752 8302
4711 6838
2508 6002
1114 7665
1804 3613
48 6158
1346 1611
460 9135
2524 6735
2570 9108
2963 7450
4998 6498
489 5840
3325 3762
3575 4702
7956 9394
3554 7878
1837 6669
609 3704
5280 8339
1966 4625
6667 9639
1407 7992
4027 9305
2241 4931
2044 2871
2669 5202
830 3283
2865 4778
586 4093
904 8052
417 1449
5711 7704
4636 9496
1203 2216
5938 9429
1613 2119
3032 7890
318
3597 9543
3207 4066
2337 3875
8182 9388
4523 9173
424 2186
3210 3818
7404 8177
2839 4892
5397 8356
2182 7565
1684 2967
5483 7171
1561 8648
499 7290
4798 7487
7738 7808
7383 9455
1142 2092
1343 9537
894 1354
1959 7072
365 902
2438 2925
2030 9305
20 6262
5461 7788
5055 5651
1075 3995
2642 8779
2320 8517
5319 6055
964 3441
1724 9028
6050 7524
196 231
2442 5934
641 2123
5423 9226
6607 8603
3682 8997
2466 8544
4785 5270
7771 8490
4315 8467
405 4676
1365 7661
1243 8388
949 9345
4330 5273
1574 7007
1731 9974
4970 8378
7526 7873
1172 3315
1629 5726
110 7755
2601 7715
1988 4581
6856 7298
1857 2162
5910 8941
24 2066
2943 3972
3944 4430
6063 9109
5215 8025
198 1846
3399 9080
1371 2579
7093 9234
9181 9749
4509 6184
2626 8479
1110 5127
1131 1624
4059 8983
3470 5918
2890 9637
3709 6975
4239 5642
27 9190
28 5828
4812 9525
3537 5105
4558 9715
2937 4177
721 7154
4563 5581
601 7471
314 4889
842 9474
1032 8772
6169 6459
5551 7835
3153 8546
759 3660
6142 9547
527 9282
2971 3388
6289 9657
2893 5035
2015 5963
5296 7160
3402 8447
7145 7395
2419 8321
1376 2530
242 8404
83 9293
9446 9583
3046 9560
3988 7062
4024 8759
2549 9573
2849 6317
5958 9260
4586 8715
105 4117
3851 4282
91 591
5998 9203
5482 5924
1729 7819
5890 9299
1410 6360
2732 3611
6621 8694
4471 4918
354 6985
2010 9735
2076 3201
4310 4891
4470 6640
3012 5340
2842 6959
5872 6554
166 587
7223 8277
6929 9149
316 671
2763 6261
4730 6116
2435 6574
2477 2565
1311 2063
3884 8228
7576 7908
7320 7557
2788 4358
280 2067
5248 6187
2986 7517
31 8003
4564 9918
321 2348
8380 8508
3297 6493
2558 3282
8422 8992
246 5911
5792 9439
678 4765
2969 4815
188 7818
4767 5943
1711 2046
18 4805
4146 6773
3190 4458
3384 3783
1887 9697
1153 7976
5389 7050
301 3267
2703 8457
3520 8212
672 5980
4109 7613
7768 8271
2837 8930
5162 9698
227 5836
2459 4574
2618 9956
5192 8009
4998 6696
6587 8626
5022 6616
3935 8140
2255 3300
3508 8474
4752 4762
3006 7721
308 2554
483 4645
1716 9302
147 4182
7996 9967
305 5485
2594 7856
103 7063
1749 7606
6352 9815
7973 9089
4202 6758
3057 4857
1577 6263
4999 8556
7403 7823
2072 7304
805 3187
7547 9355
708 7067
1368 9610
4035 9501
439 2687
2413 7966
4595 8950
4674 5757
8505 8633
8181 9292
3464 6310
717 5665
341 7090
1322 7744
6736 6845
2663 4944
335 2950
726 4840
1353 7678
3954 6606
2580 6564
4520 7885
3778 8746
6972 9112
4214 7676
2124 2283
712 6873
2409 5896
1797 9787
5894 6846
3191 4367
4038 7742
7252 7689
3044 8290
2933 9162
1341 6341
7927 8323
9175 9581
8112 9859
584 2392
1307 6580
2301 9384
3576 7295
428 2321
2551 3175
612 4939
589 9459
7974 9745
2471 6800
7775 8635
3249 6049
7978 9507
1660 3146
374 438
1414 3336
1649 4441
4582 6283
1913 3736
3118 7381
2870 3138
5982 9740
2506 4719
4887 4924
662 2599
2021 3051
1816 8004
5271 7226
461 4055
19 8787
875 3617
7894 8445
7563 9387
4448 9445
5338 8511
1157 3850
2547 4907
4418 8877
7185 9011
3517 8495
4559 5947
2612 3472
1865 5989
1241 9245
3326 9211
5988 9660
3996 6905
4698 6674
3303 6996
2596 3599
2684 6468
2668 2708
128 3697
55 8805
994 9667
637 4422
1516 8163
4068 4870
1344 3659
2679 8835
3705 6025
6633 9992
4047 9727
2716 6630
1623 6057
272 7380
1989 2767
