1
50 60
1 2 15
2 3 26
3 4 40
4 5 61
5 6 76
6 7 91
7 8 106
8 9 121
9 10 136
10 11 151
12 13 20
13 14 36
14 15 50
15 16 70
16 17 85
17 18 100
18 19 116
19 20 131
20 21 146
21 22 160
23 24 31
24 25 46
25 26 56
26 27 66
27 28 81
28 29 96
29 30 111
30 31 126
31 32 141
32 33 155
34 35 10
35 36 27
36 37 47
37 38 62
38 39 77
39 40 97
40 41 112
41 42 132
42 43 152
43 44 165
45 46 5
46 47 2
47 48 30
48 49 49
49 50 63
1 3 33
2 4 42
5 7 68
6 9 101
12 15 58
13 18 99
19 22 142
23 28 83
26 30 158
34 39 89
36 42 128
40 43 156
45 49 53
11 12 103
7 48 102


