1
100 150
1 2 1157
2 3 1179
3 4 1033
4 5 1165
5 6 1122
6 7 1188
7 8 1041
8 9 1093
9 10 1146
10 11 1059
11 12 1134
12 13 1195
13 14 1068
14 15 1021
15 16 1200
16 17 1077
17 18 1111
18 19 1008
19 20 1170
20 21 1013
21 22 1160
22 23 1051
23 24 1141
24 25 1039
25 26 1105
26 27 1082
27 28 1129
28 29 1017
29 30 1063
30 31 1183
31 32 1001
32 33 1151
33 34 1047
34 35 1139
35 36 1026
36 37 1072
37 38 1190
38 39 1097
39 40 1030
40 41 1175
41 42 1060
42 43 1116
43 44 1005
44 45 1155
45 46 1086
46 47 1130
47 48 1029
48 49 1079
49 50 1199
50 51 1044
51 52 1101
52 53 1169
53 54 1010
54 55 1149
55 56 1080
56 57 1125
57 58 1055
58 59 1180
59 60 1002
60 61 1150
61 62 1049
62 63 1132
63 64 1023
64 65 1074
65 66 1193
66 67 1090
67 68 1036
68 69 1172
69 70 1066
70 71 1113
71 72 1004
72 73 1153
73 74 1084
74 75 1120
75 76 1028
76 77 1076
77 78 1197
78 79 1095
79 80 1031
80 81 1177
81 82 1062
82 83 1118
83 84 1007
84 85 1159
85 86 1088
86 87 1136
87 88 1020
88 89 1071
89 90 1192
90 91 1099
91 92 1035
92 93 1174
93 94 1065
94 95 1110
95 96 1003
96 97 1156
97 98 1042
98 99 1131
99 100 1025
1 50 1100
2 51 1102
3 52 1103
4 53 1104
5 54 1106
6 55 1107
7 56 1108
8 57 1109
9 58 1112
10 59 1114
11 60 1115
12 61 1117
13 62 1119
14 63 1121
15 64 1123
16 65 1124
17 66 1126
18 67 1127
19 68 1128
20 69 1133
21 70 1135
22 71 1137
23 72 1138
24 73 1140
25 74 1142
26 75 1143
27 76 1144
28 77 1145
29 78 1147
30 79 1148
31 80 1152
32 81 1154
33 82 1158
34 83 1161
35 84 1162
36 85 1163
37 86 1164
38 87 1166
39 88 1167
40 89 1168
41 90 1171
42 91 1173
43 92 1176
44 93 1178
45 94 1181
46 95 1182
47 96 1184
48 97 1185
49 98 1186
50 99 1187
60 78 1056
