10
51 50
1 2
1 5
4 6
1 4
2 6
1 6
2 5
1 3
3 5
10 11
8 10
11 12
8 9
7 12
10 12
7 8
15 16
14 16
17 18
17 19
18 19
18 20
21 22
23 24
25 26
27 30
27 29
28 30
27 28
29 30
31 34
32 34
33 35
31 35
32 35
36 37
38 40
39 40
38 39
41 43
41 45
42 44
43 45
41 44
42 43
46 47
46 48
47 48
50 51
49 51
86 86
3 8
5 12
5 11
3 4
6 11
5 8
7 10
9 12
4 5
7 12
1 6
1 9
2 8
15 21
17 20
13 17
15 17
17 19
13 18
14 15
14 21
16 17
23 26
25 28
22 23
27 32
26 29
23 31
26 28
25 30
23 24
27 28
36 40
39 47
47 49
48 49
34 45
35 39
38 49
42 47
33 44
45 48
37 44
36 44
46 47
36 41
33 43
44 49
52 53
56 62
51 57
57 62
57 61
54 57
58 61
55 62
50 57
52 57
52 63
57 60
52 60
59 62
69 72
64 72
70 71
66 70
65 68
66 67
68 70
65 67
68 72
74 85
79 82
81 85
79 84
73 77
77 81
77 78
76 80
80 86
75 85
73 86
80 83
73 82
74 76
84 85
19 19
2 3
1 2
1 3
5 8
5 7
7 9
6 7
6 9
7 8
10 14
10 13
11 12
11 14
10 12
15 17
15 19
16 18
15 18
16 17
22 22
2 4
1 2
3 4
1 4
2 3
5 6
7 9
8 9
7 8
11 13
10 11
10 12
15 17
14 16
15 16
14 15
16 17
19 20
18 19
18 22
19 21
20 21
14 13
1 2
2 7
4 6
1 4
2 6
2 5
1 3
4 7
9 10
8 10
11 12
11 13
12 13
48 47
1 2
5 8
6 8
5 7
4 5
4 8
3 6
3 5
7 8
9 10
12 16
11 13
13 16
15 16
11 15
12 15
11 14
17 18
19 20
21 22
24 25
23 25
28 29
27 28
27 29
30 31
32 34
33 35
32 33
34 35
32 35
33 34
36 40
37 39
38 39
36 39
37 38
38 40
36 37
41 43
41 42
42 44
41 44
42 43
43 44
45 46
47 48
61 60
2 3
1 2
1 3
4 5
4 6
5 6
10 11
8 10
8 9
9 11
8 11
13 14
12 13
12 15
13 15
14 15
12 14
16 17
18 20
19 20
18 19
18 21
19 21
20 21
22 24
24 25
22 23
27 31
28 29
28 31
27 29
30 31
32 33
35 36
34 35
34 36
37 38
37 39
38 39
40 42
43 44
41 44
40 41
45 46
48 49
47 48
47 49
50 51
53 56
54 55
55 56
53 55
54 56
53 54
57 59
59 61
57 58
57 61
58 61
59 60
18 17
3 8
1 2
2 4
1 5
3 7
7 9
6 9
1 9
13 14
11 16
14 17
16 17
10 17
12 13
15 16
15 18
12 14
67 66
2 3
1 2
1 3
4 5
6 7
6 8
7 8
9 10
9 11
10 11
15 17
13 18
13 16
12 15
14 18
12 14
20 21
23 24
22 23
26 30
27 30
25 28
26 29
28 30
25 26
29 30
31 33
32 33
31 32
34 36
35 36
34 35
34 37
35 37
36 37
38 39
39 40
38 41
40 41
38 40
39 41
42 43
42 44
43 44
45 46
48 49
47 48
47 49
52 53
50 51
50 53
51 52
54 55
57 58
56 57
56 58
61 62
59 61
60 62
59 60
60 61
59 62
66 67
64 67
65 66
63 64
11 10
4 5
1 2
2 5
3 5
6 8
6 7
6 10
7 11
6 9
7 8
