20
953 952
2 3
1 2
3 4
1 4
6 7
5 6
5 7
8 9
8 10
11 12
13 14
13 15
14 15
18 19
19 20
17 18
16 17
21 22
21 23
22 23
26 27
25 28
24 27
25 26
29 30
31 33
31 34
31 32
35 36
35 37
36 37
38 40
39 40
39 41
40 41
42 43
44 45
42 46
43 45
48 49
47 48
50 51
50 52
51 52
53 54
57 58
56 58
55 56
60 63
61 62
59 61
60 62
59 63
59 60
59 62
64 65
68 71
65 68
64 71
65 71
65 67
69 70
64 67
66 69
67 69
73 75
72 73
74 75
72 75
73 74
72 74
79 80
77 80
78 79
76 79
83 84
81 85
82 83
82 86
85 86
84 86
82 85
81 83
88 89
87 88
87 89
90 94
91 93
90 92
92 94
91 92
95 96
97 99
98 99
101 102
100 102
104 106
103 104
105 106
103 106
104 105
103 105
108 110
109 110
107 110
110 111
112 113
112 114
113 114
115 116
119 121
119 120
117 119
118 119
119 122
120 121
118 121
124 127
125 126
123 126
126 127
123 125
125 127
124 125
123 124
123 127
131 132
129 130
129 132
128 129
133 134
136 138
135 136
135 137
137 138
139 141
140 141
139 140
142 143
145 146
144 148
147 148
145 147
144 146
150 152
151 152
149 151
150 151
149 150
149 152
153 154
156 157
155 156
155 157
159 161
160 161
163 164
162 163
162 164
167 168
165 166
165 169
166 169
168 169
171 173
172 173
170 173
170 172
171 172
170 171
174 175
176 177
176 178
177 178
179 180
182 183
181 182
181 183
184 185
186 188
186 187
187 189
188 189
187 188
186 189
190 191
193 194
191 192
190 193
192 195
194 195
196 197
198 199
198 200
199 200
205 206
201 203
203 206
201 206
204 206
203 205
202 203
201 204
202 205
207 208
207 209
208 209
210 213
211 213
212 213
210 212
211 212
210 211
218 220
219 220
214 220
214 217
216 218
215 221
214 215
224 225
224 228
223 226
225 228
226 228
223 228
223 227
224 226
229 230
229 231
230 231
233 234
232 233
232 234
235 236
238 241
237 238
237 241
240 241
237 240
237 239
245 249
242 245
242 251
243 245
242 248
243 247
244 247
243 246
242 243
245 250
253 254
252 253
255 256
255 257
256 257
258 261
259 261
260 261
258 260
259 260
262 264
264 265
262 263
262 265
263 265
266 267
266 268
267 268
269 271
270 271
269 270
273 275
273 274
272 276
275 276
273 276
277 278
280 282
279 281
279 283
280 281
284 285
284 286
285 286
287 288
290 291
289 290
289 291
292 293
295 296
294 297
294 296
294 295
296 297
299 300
298 299
298 300
302 304
301 305
301 302
303 305
302 303
304 305
301 304
303 304
306 307
307 309
308 309
306 309
307 308
306 308
310 311
313 314
313 315
314 315
316 319
317 318
316 318
317 319
318 319
320 323
321 322
320 322
324 326
325 326
324 325
328 329
328 330
329 330
333 335
334 335
331 332
332 335
331 334
332 334
331 333
332 333
337 339
336 338
338 339
340 341
343 344
342 343
342 344
346 348
347 348
345 347
346 347
345 346
349 350
349 351
351 352
349 352
354 355
353 354
356 357
357 358
359 360
359 361
360 361
363 364
363 367
366 367
365 366
362 365
363 365
369 373
370 372
372 373
371 373
374 376
374 377
375 376
375 377
379 380
378 379
379 381
380 381
378 380
382 383
385 386
384 385
384 386
387 388
393 395
392 393
389 392
389 394
390 394
389 391
390 391
394 395
391 394
399 400
397 401
396 401
396 398
399 401
403 404
403 405
404 405
402 405
407 408
406 407
406 408
410 413
410 412
411 412
410 411
412 413
416 418
417 418
415 418
416 417
414 416
415 417
419 420
421 423
422 423
421 422
425 426
424 425
426 427
424 427
425 427
424 426
429 430
428 430
431 432
431 433
434 435
434 436
435 436
439 440
438 440
437 438
437 439
441 445
441 444
442 443
442 444
441 442
447 448
446 447
446 448
450 454
452 454
453 454
451 453
452 453
450 452
450 451
455 456
456 457
455 459
457 459
455 458
458 459
456 459
460 461
460 462
461 462
464 465
467 468
467 469
468 469
471 472
471 473
470 472
470 473
474 476
475 476
474 475
478 480
479 480
478 479
477 480
477 478
482 483
481 482
481 483
485 486
484 485
484 486
489 490
491 493
488 492
489 492
491 492
492 493
488 493
490 493
495 496
497 498
497 499
498 499
500 501
500 502
501 502
501 503
504 505
507 509
506 508
508 509
511 514
512 514
510 513
511 513
512 513
515 516
517 518
515 518
516 518
521 523
519 520
519 521
519 522
527 529
524 525
527 528
525 526
526 529
526 528
530 533
531 533
532 533
530 532
531 532
530 531
535 536
534 535
538 541
538 540
539 542
538 542
538 539
541 542
537 541
543 544
543 546
544 546
545 546
543 545
544 545
548 549
548 550
549 550
553 555
552 554
554 556
553 554
555 556
552 556
552 553
553 556
554 555
552 555
557 558
559 560
559 562
560 562
561 562
560 561
565 566
563 564
563 565
563 566
567 568
572 573
569 570
570 575
570 572
569 572
569 571
574 575
571 574
573 574
577 579
577 580
578 579
576 578
581 582
582 584
583 584
581 584
581 583
582 583
587 588
585 586
585 588
586 587
589 591
590 592
591 592
589 590
590 591
589 592
593 595
594 595
593 594
597 599
598 599
596 598
601 602
600 601
600 602
603 604
606 607
605 606
605 607
608 609
608 610
609 611
612 613
612 614
613 614
617 619
616 618
617 618
615 617
615 616
615 619
616 619
621 622
620 621
620 622
625 626
624 625
624 626
629 630
627 629
628 630
627 628
628 629
632 633
631 632
631 633
635 637
636 638
634 636
635 636
634 635
639 641
640 641
639 642
639 643
644 647
645 647
647 649
648 649
646 648
644 648
650 652
651 652
650 651
653 654
656 659
658 659
655 656
657 659
655 659
655 658
657 658
655 657
661 663
662 663
661 662
665 666
664 665
664 666
668 672
669 670
667 671
668 671
668 670
674 675
673 674
673 675
678 680
681 682
677 680
678 681
679 680
677 679
676 677
677 682
683 685
684 685
683 684
687 689
688 689
687 688
686 687
686 689
690 691
690 692
696 698
693 694
697 698
694 698
695 698
694 697
700 701
699 700
699 701
703 705
702 708
704 705
703 704
704 708
703 707
707 708
704 706
703 706
705 708
709 711
710 713
710 712
711 713
709 712
710 711
714 715
720 721
716 721
718 720
718 719
717 721
716 719
718 721
722 723
722 724
723 724
725 727
726 727
725 726
727 728
725 728
729 730
729 733
730 732
729 732
729 731
735 736
735 737
734 735
740 741
739 742
738 741
739 741
738 740
739 740
743 745
744 745
745 746
743 744
750 751
748 750
749 750
754 757
753 756
753 755
755 757
754 755
755 756
758 759
760 761
759 765
761 762
760 763
759 764
759 760
769 770
768 770
766 770
767 768
771 772
771 773
775 776
774 775
774 777
775 777
774 776
778 779
780 781
778 781
779 780
781 782
779 782
778 780
784 785
783 787
785 786
783 786
784 786
783 785
789 791
789 794
790 792
789 793
790 794
791 792
797 798
795 797
795 796
795 799
797 799
795 798
796 798
802 803
800 803
801 803
800 802
800 801
804 805
804 806
805 806
807 811
807 810
808 812
809 811
807 808
811 812
809 810
815 816
813 815
813 816
813 814
819 822
819 821
820 821
820 822
823 824
823 825
824 825
827 830
829 830
827 829
828 829
827 828
831 833
831 834
832 835
833 835
839 840
837 840
838 839
837 839
838 840
841 842
843 844
842 843
842 844
845 846
848 849
847 848
847 849
850 851
852 853
850 854
851 854
850 853
851 853
855 857
855 858
856 857
855 856
860 861
862 864
859 863
860 863
860 862
866 868
867 868
866 867
870 871
872 873
872 874
873 874
875 878
876 877
875 877
879 880
879 881
880 881
883 884
885 886
883 886
884 886
883 885
884 885
887 888
887 889
888 889
890 893
893 894
892 893
890 895
890 891
894 895
891 892
896 897
898 899
896 900
897 898
901 902
901 903
904 905
906 907
906 909
907 909
908 909
907 908
906 908
912 914
911 912
911 915
911 914
914 915
913 915
910 911
912 915
916 917
916 918
917 918
919 920
921 922
923 925
924 926
925 926
923 924
924 925
923 926
927 928
928 929
931 932
931 933
932 933
935 939
935 938
934 936
935 937
936 937
936 939
945 946
941 945
942 946
941 944
943 946
948 949
951 952
950 951
656 656
4 9
5 7
7 9
1 7
2 6
1 6
1 3
7 8
13 14
10 11
13 17
12 15
10 17
11 12
13 18
13 15
10 12
16 17
19 24
21 26
24 27
20 27
26 27
22 23
24 25
20 22
22 25
21 27
32 34
32 40
43 49
46 48
39 45
28 33
28 36
36 43
30 42
41 45
42 44
35 38
38 49
39 44
36 39
28 35
29 36
39 46
31 36
37 40
45 47
28 34
30 40
51 54
52 53
50 52
51 56
50 51
52 55
53 55
54 56
50 56
58 59
60 65
63 66
66 67
59 66
60 67
61 66
64 67
62 66
57 66
58 67
68 69
68 75
75 77
70 77
72 73
71 81
69 78
80 81
78 80
68 74
72 78
68 83
71 82
70 75
69 79
69 76
87 96
87 93
85 87
88 96
89 90
85 90
87 92
85 93
86 96
84 86
87 91
94 95
92 94
85 95
105 113
104 105
97 99
105 106
101 105
108 114
99 111
102 103
109 112
111 115
102 109
105 114
98 111
103 107
101 116
104 115
106 109
100 108
110 112
119 121
117 120
117 119
118 119
120 121
117 121
118 121
128 130
123 130
122 124
124 126
123 129
130 131
123 125
127 128
122 128
133 136
142 145
134 135
144 145
135 139
140 145
133 138
136 145
143 145
140 141
137 140
135 140
132 146
138 140
139 146
152 159
149 155
151 152
147 156
150 155
154 158
148 152
147 149
151 158
149 151
148 157
152 153
163 164
162 166
160 168
164 168
167 168
163 166
166 169
163 165
160 162
161 162
172 175
181 185
176 178
180 183
183 184
172 174
171 177
172 180
179 182
172 176
179 185
171 185
182 185
170 182
171 182
173 185
174 185
189 191
186 194
192 193
186 187
187 192
186 190
192 195
188 189
186 192
186 189
196 203
199 200
199 206
198 199
196 205
202 203
199 205
196 201
199 204
197 205
215 217
207 217
209 213
208 215
215 218
216 218
210 215
213 214
210 211
212 215
217 219
213 216
224 229
225 229
222 226
220 225
221 225
223 225
227 228
221 227
222 227
220 227
225 226
232 236
232 235
232 237
230 232
231 234
232 233
234 235
246 248
238 245
240 242
240 248
238 241
241 247
239 241
238 240
240 244
242 243
241 242
240 246
258 261
253 261
255 257
254 258
252 259
256 258
250 260
253 263
254 257
255 262
250 262
258 259
258 262
249 259
251 261
265 274
273 274
268 271
264 269
266 270
264 271
271 273
264 267
265 272
266 272
266 269
272 274
277 284
275 277
276 277
280 283
277 280
279 282
276 282
276 281
276 278
288 299
291 293
293 297
289 297
289 292
290 293
287 289
295 301
288 296
297 301
294 298
285 295
285 288
286 294
297 300
286 297
303 306
304 306
302 306
304 308
305 307
304 307
311 316
317 318
313 315
311 315
312 314
311 318
309 317
310 317
312 313
320 323
319 322
324 325
320 322
321 322
321 325
320 324
323 324
331 333
333 334
327 332
329 333
329 330
328 334
326 332
332 333
335 343
339 342
340 344
335 339
338 340
340 343
336 337
335 341
337 343
339 340
339 343
352 354
349 358
347 351
352 357
346 353
348 350
351 358
345 346
349 356
350 355
355 358
345 358
347 349
352 355
366 368
359 360
359 369
359 366
362 366
369 370
364 370
363 366
366 367
361 364
364 365
362 364
371 376
371 379
372 379
373 374
371 378
371 375
377 379
372 374
380 384
380 383
384 386
380 382
382 386
380 385
381 385
383 387
390 395
398 402
392 404
395 403
389 405
402 405
396 401
396 404
388 403
393 399
393 405
400 401
391 395
397 402
398 403
396 403
392 396
392 405
394 405
411 413
408 409
407 412
407 411
408 411
407 414
411 412
409 410
406 411
418 419
417 421
419 421
417 420
420 421
415 417
416 419
431 432
424 435
428 434
429 434
424 431
423 427
422 433
425 427
424 430
424 433
424 429
424 426
432 433
427 433
437 442
440 441
442 443
446 447
441 447
437 444
438 440
436 443
439 443
442 445
438 442
437 446
438 441
450 454
449 450
453 454
455 456
454 459
459 462
460 461
449 462
457 459
452 459
454 461
458 459
456 459
448 449
451 461
464 476
469 470
472 476
464 475
464 465
463 469
463 472
464 470
466 468
474 475
464 467
468 473
466 467
470 471
478 480
479 483
481 487
483 486
484 490
480 482
477 490
488 489
487 491
483 485
479 488
480 481
477 479
477 482
495 496
497 498
494 498
498 499
496 498
492 493
493 497
494 497
508 513
501 512
506 515
500 505
507 515
502 515
505 514
505 508
501 508
508 511
503 508
500 504
502 507
506 510
508 510
506 509
519 522
521 522
522 524
523 524
520 523
518 522
516 519
517 519
530 534
530 540
530 537
540 541
529 541
532 540
528 530
526 536
527 540
531 532
530 542
526 535
527 539
525 530
538 539
529 536
540 542
534 535
531 536
533 536
543 547
544 547
548 552
544 554
545 547
551 552
547 549
552 553
549 554
550 555
547 551
546 555
552 555
556 559
560 563
561 563
557 563
566 569
559 562
557 569
557 559
560 565
567 568
558 564
559 564
559 567
572 583
574 580
576 580
571 576
579 583
573 583
570 575
573 575
576 581
573 578
578 581
572 577
580 583
582 583
584 585
584 588
584 587
585 587
584 586
585 586
586 587
591 593
589 591
592 594
589 590
591 595
590 594
589 596
598 603
597 599
597 603
602 603
600 603
601 602
607 609
605 608
605 611
604 610
606 609
607 610
605 609
614 621
618 620
617 618
612 621
618 622
613 622
618 619
613 615
621 622
616 622
612 622
625 631
630 636
641 642
627 634
632 642
637 638
627 637
629 634
634 636
624 631
639 641
623 635
631 642
633 642
624 639
623 634
626 627
636 640
628 642
625 634
648 650
647 653
646 656
643 651
649 650
644 653
646 655
645 647
646 652
646 654
646 650
646 653
643 654
127 127
1 2
3 4
1 4
6 7
5 6
5 7
9 10
9 11
8 11
16 20
12 17
17 20
18 20
16 19
13 20
15 20
14 15
25 29
25 28
24 26
23 29
24 25
27 29
21 24
22 28
27 28
21 23
30 36
33 35
34 35
31 32
30 35
32 35
30 34
40 42
38 41
37 44
39 42
37 40
41 44
37 43
39 41
38 43
45 46
46 49
46 48
46 47
45 50
46 50
55 57
51 54
53 56
51 57
51 52
53 54
59 60
58 59
58 60
64 66
61 65
61 64
63 66
62 67
65 67
64 67
68 70
69 70
71 73
72 73
71 72
75 77
75 80
76 78
74 77
76 77
75 79
74 79
77 80
78 79
76 79
81 82
81 84
82 83
90 91
86 91
87 89
88 89
88 92
85 89
90 92
95 100
93 94
95 96
93 97
94 102
94 98
94 95
93 99
95 101
104 107
105 107
103 107
106 107
104 106
103 104
105 106
103 106
103 105
112 114
108 115
111 112
109 112
111 115
110 113
109 111
108 110
110 115
119 121
117 120
119 122
122 123
116 118
117 118
118 121
125 126
125 127
124 126
669 669
2 3
1 2
1 3
6 8
4 6
4 7
5 7
11 12
9 11
12 13
10 12
15 16
14 15
17 18
17 19
18 19
20 22
21 22
23 24
25 28
26 29
27 29
25 27
25 26
31 34
32 34
30 33
31 33
32 33
30 32
31 32
30 31
37 39
38 39
35 36
36 39
37 38
35 38
41 43
42 44
41 44
40 41
42 43
48 50
45 46
47 49
45 51
45 48
47 51
46 48
47 48
52 53
55 57
57 59
54 55
58 59
54 57
59 60
55 58
54 56
56 59
63 64
64 65
62 64
61 63
62 66
72 73
69 75
67 71
68 71
67 74
69 74
72 74
70 75
70 72
76 77
78 79
76 79
77 78
81 82
80 81
82 83
80 83
81 83
80 82
84 87
85 86
86 87
91 94
92 93
89 90
93 94
88 91
92 94
91 92
89 91
95 97
96 97
95 96
99 100
98 99
98 100
104 107
101 104
105 107
102 104
103 104
105 106
101 106
101 108
109 113
110 111
109 112
109 111
110 112
109 110
114 121
115 116
117 119
115 119
118 122
115 118
114 122
115 121
115 120
118 121
123 124
123 125
124 125
129 130
127 129
128 129
126 129
126 128
131 132
133 136
134 135
134 136
133 135
137 139
138 139
137 138
142 145
144 145
142 143
141 142
146 149
147 148
147 149
148 149
150 152
150 151
154 155
155 157
153 156
155 156
153 155
159 161
160 161
159 160
163 164
162 165
164 165
162 164
163 165
162 163
167 168
166 167
166 170
168 170
166 169
172 175
171 174
172 174
171 173
172 173
171 172
176 177
178 181
178 180
179 182
178 179
181 182
183 185
184 185
187 189
188 189
186 187
186 188
191 192
190 191
190 192
193 194
193 195
194 195
197 198
198 199
196 199
196 198
197 199
196 197
201 203
201 205
202 203
201 204
203 204
202 205
206 207
208 209
206 209
207 209
206 208
207 208
212 213
214 217
211 212
214 215
213 217
210 217
216 217
218 220
219 223
220 222
220 221
220 223
219 221
221 223
224 225
226 227
226 228
227 228
229 230
231 232
233 234
233 235
232 233
238 239
236 239
237 239
236 237
240 241
242 243
241 243
246 248
244 248
247 248
245 248
244 246
245 246
249 252
250 257
249 255
254 255
251 257
252 255
249 253
253 256
254 256
249 256
252 257
252 253
258 259
260 262
262 264
263 264
260 263
261 263
266 267
265 266
265 267
269 271
270 271
272 273
269 272
268 270
270 272
268 269
274 277
275 281
274 280
276 277
276 280
274 279
279 282
275 282
274 281
276 278
284 286
283 284
283 286
284 285
285 286
283 285
288 289
287 288
287 289
292 297
293 296
292 294
293 295
292 295
294 298
291 294
296 297
293 294
299 300
299 301
301 302
300 301
303 307
304 306
305 306
305 307
308 309
309 312
310 312
309 311
310 311
314 316
314 315
313 318
315 318
313 317
315 317
319 320
321 322
320 321
320 322
323 324
325 329
325 328
328 329
327 328
325 327
325 326
330 331
330 332
331 332
333 335
334 335
333 334
336 337
336 338
336 339
341 342
340 341
340 343
341 343
340 342
346 348
347 348
344 345
345 346
345 349
346 349
344 349
345 348
350 351
354 355
351 353
350 352
350 355
351 355
356 357
361 362
359 360
359 363
358 360
358 361
364 365
366 368
366 371
370 373
369 370
367 369
366 367
367 374
366 372
377 381
376 379
376 382
381 382
378 381
376 377
378 380
376 380
383 386
384 386
383 385
384 385
383 384
387 389
388 389
390 392
391 392
390 391
393 396
395 396
394 396
393 398
395 398
393 394
395 397
394 398
399 402
400 401
400 402
399 400
403 404
403 405
405 407
406 407
408 409
412 414
409 410
412 413
408 413
411 414
418 419
415 419
416 420
416 417
418 420
419 420
424 425
425 428
422 424
424 427
421 423
425 427
422 423
421 429
423 426
428 429
426 428
434 435
433 437
434 437
431 437
432 437
431 436
433 435
430 431
438 444
438 441
444 445
441 443
440 443
442 445
439 442
440 442
442 444
440 445
446 447
448 452
451 453
448 450
448 453
450 452
448 449
454 455
456 458
456 457
457 459
458 459
456 459
461 464
463 464
462 463
461 462
460 461
460 464
467 468
465 468
466 468
469 470
469 471
470 471
470 472
474 477
475 476
473 476
473 475
475 477
476 477
479 483
482 484
478 480
479 480
479 486
483 485
480 481
479 481
479 484
481 484
487 489
488 492
487 491
490 492
488 491
491 492
488 490
495 496
494 495
493 497
496 497
494 497
495 497
493 496
494 496
502 503
501 505
498 499
500 501
499 504
499 500
500 503
511 512
508 509
507 508
506 511
509 510
507 511
508 510
510 512
513 517
516 518
517 518
514 516
515 517
514 515
520 521
519 520
519 521
522 523
524 526
526 528
525 526
525 527
531 532
529 533
532 533
530 533
535 536
534 535
534 536
537 538
537 539
543 544
542 546
543 546
540 543
545 546
541 546
549 557
551 556
549 550
554 556
549 553
551 555
548 557
551 554
550 552
547 548
547 554
559 560
558 559
558 560
561 562
564 567
563 564
563 565
563 566
570 572
571 572
570 571
568 570
569 571
580 582
579 583
576 579
573 576
574 582
577 583
576 578
575 581
575 580
580 583
573 580
584 585
584 586
585 586
589 591
587 588
589 590
590 591
587 590
592 594
593 594
597 598
595 598
596 597
595 596
599 602
600 602
599 601
600 601
599 600
601 602
603 604
603 605
604 605
606 607
606 608
607 608
609 610
611 612
613 615
614 615
614 616
613 614
619 620
617 620
617 618
624 625
622 623
623 624
622 626
622 625
624 626
623 626
629 633
627 629
628 630
627 628
627 634
627 631
628 632
635 637
636 638
635 636
637 639
637 638
635 638
636 639
641 642
640 641
640 642
643 645
644 645
648 650
649 650
650 652
647 648
648 651
646 650
653 654
655 656
657 658
659 660
661 664
662 663
662 664
661 662
665 666
667 668
667 669
666 667
668 669
792 791
13 14
8 14
1 2
4 10
4 12
1 4
3 13
6 7
5 6
4 14
4 11
9 11
1 6
16 19
17 18
17 19
15 19
20 27
22 24
21 28
21 24
25 27
22 29
20 28
26 28
23 24
27 28
31 34
33 36
31 33
33 35
31 37
30 35
32 35
35 37
30 34
49 52
38 42
43 50
40 46
41 46
42 44
49 53
41 48
39 42
42 53
42 43
39 51
41 47
45 53
48 53
55 57
57 59
54 55
57 62
55 56
59 64
58 61
59 60
62 63
55 60
58 60
66 78
75 77
65 72
73 78
72 76
74 78
69 73
68 77
69 71
70 76
65 77
67 73
68 73
74 79
71 75
83 88
82 87
86 88
85 86
80 86
81 86
84 86
87 88
93 102
90 91
89 94
90 94
93 94
90 100
97 99
92 95
94 98
101 102
92 98
91 102
93 99
96 98
113 116
111 113
105 116
103 113
106 112
104 112
106 115
110 113
109 111
113 114
106 108
106 111
110 115
107 111
119 121
120 126
119 126
119 123
118 122
123 125
124 125
119 125
124 128
117 127
118 121
118 127
129 133
138 139
135 136
130 131
130 138
133 138
133 134
132 137
130 140
133 137
135 137
142 145
141 143
141 145
146 147
143 145
142 147
143 148
144 147
143 147
150 152
153 155
151 154
150 154
149 153
149 152
157 162
160 161
157 158
156 161
159 160
157 161
156 160
163 170
167 168
165 170
163 169
165 166
163 166
165 169
164 167
163 168
172 174
173 174
171 174
174 175
177 181
178 181
179 180
176 179
179 181
180 181
185 188
183 187
184 186
185 187
182 183
187 188
182 188
184 187
189 191
192 193
189 190
191 192
189 193
202 204
195 197
199 200
198 203
201 205
197 200
201 204
204 205
196 201
198 204
194 198
200 204
209 216
211 216
208 212
206 209
210 212
209 215
207 209
209 211
213 214
210 211
206 214
208 216
218 223
217 218
220 222
221 222
218 219
219 222
217 220
217 219
225 229
227 229
228 232
228 229
226 227
224 227
228 231
227 230
229 232
238 239
234 238
235 239
234 237
236 237
233 238
235 238
240 249
244 248
245 248
243 248
241 247
243 244
240 245
242 247
246 250
241 250
245 247
252 256
256 259
255 257
254 255
252 258
251 260
253 257
257 261
251 256
254 257
257 260
252 257
264 266
262 264
262 263
262 265
265 266
263 265
267 270
271 274
267 273
269 270
268 270
270 272
267 268
270 275
267 271
271 275
267 274
279 280
276 277
277 280
278 280
276 278
285 291
282 287
284 289
289 290
281 289
285 289
286 291
281 291
282 291
283 285
285 288
292 297
292 296
300 302
295 302
295 298
299 302
294 296
292 302
293 298
292 301
299 301
301 303
295 300
309 312
308 309
304 306
304 312
305 310
304 307
306 311
305 312
314 316
317 318
313 315
316 318
315 317
317 319
321 323
324 325
320 322
321 322
321 324
323 324
333 335
326 334
329 335
330 338
328 332
330 340
329 337
331 340
327 330
332 334
334 336
329 336
330 336
330 339
328 333
348 355
345 351
350 354
353 354
345 354
353 357
348 351
354 357
349 352
341 350
344 357
354 356
352 356
348 353
342 343
347 352
342 352
344 346
361 362
359 363
361 364
362 363
358 360
364 366
359 365
358 363
364 365
367 368
369 374
369 380
371 376
372 376
369 373
371 373
369 379
370 379
369 378
373 375
377 378
372 377
383 386
387 390
384 386
386 389
381 389
382 383
385 389
384 391
387 391
387 388
386 387
392 400
402 403
395 396
401 402
398 399
400 404
392 405
392 395
398 401
392 398
397 399
394 398
393 399
410 413
412 415
406 413
408 409
408 415
407 408
408 418
408 411
414 416
406 418
408 414
412 417
415 417
409 419
406 420
423 425
423 428
426 427
423 427
422 424
424 427
421 426
421 429
423 426
422 429
430 437
434 437
435 437
432 438
438 439
435 436
431 436
431 433
435 439
440 441
446 451
442 450
441 444
444 451
445 450
448 450
441 447
441 443
446 450
445 446
441 450
445 448
448 449
453 458
454 458
453 456
452 459
455 458
458 459
457 458
459 460
464 466
462 463
461 465
462 465
465 466
466 467
472 480
475 479
475 476
472 479
478 479
469 473
471 475
473 475
468 474
475 477
470 472
471 477
470 475
468 473
484 490
481 487
484 489
481 489
488 491
485 486
481 482
486 488
483 484
481 488
486 491
502 503
498 500
500 502
493 502
499 501
494 501
496 501
493 497
499 503
495 503
492 499
508 513
508 509
504 508
508 512
511 514
507 514
506 507
510 512
505 513
507 510
504 506
505 506
516 521
518 520
518 519
522 523
516 520
517 520
520 522
515 523
530 531
532 534
524 525
524 531
526 533
529 534
526 530
526 529
525 528
527 533
535 539
537 539
538 539
539 540
536 539
541 548
543 544
542 543
542 546
547 549
541 543
547 548
544 545
545 548
553 555
550 557
551 556
553 554
552 556
554 555
556 557
554 557
550 554
566 567
561 567
564 566
561 563
558 565
560 562
558 561
559 561
567 568
558 564
560 567
569 574
572 573
569 573
570 571
569 571
570 574
573 574
580 582
575 582
576 582
576 579
580 581
576 578
578 581
576 583
577 583
584 588
586 593
588 593
587 591
585 590
588 591
585 589
592 593
587 593
587 589
594 599
598 603
603 604
602 603
597 603
600 604
601 603
594 603
595 597
594 596
612 615
605 608
608 614
609 611
608 610
605 611
605 607
605 613
606 608
605 606
608 612
605 609
617 619
620 621
624 625
619 625
626 627
616 618
622 625
625 626
620 626
621 623
621 625
618 621
628 631
632 633
628 630
630 632
631 632
629 631
635 637
635 636
635 639
634 635
637 638
635 638
634 637
642 643
640 644
640 647
643 646
640 643
641 642
645 646
642 648
644 645
640 649
650 654
651 659
657 659
653 658
652 657
655 658
656 657
652 660
654 657
655 657
662 666
663 665
663 664
661 664
662 664
675 679
671 676
669 677
675 678
669 670
667 679
672 677
677 679
673 675
670 677
668 670
671 677
675 676
674 679
682 685
683 685
680 681
682 684
681 683
686 695
690 696
690 692
696 697
687 691
693 696
686 690
694 697
687 694
686 687
688 690
686 689
701 704
702 704
703 704
698 703
700 701
699 703
705 707
706 710
706 709
705 712
706 712
705 708
709 712
705 711
715 721
716 721
717 720
714 717
719 720
715 720
718 719
717 721
715 722
713 721
719 721
714 715
723 727
727 729
726 727
723 729
724 729
727 728
725 728
730 740
731 739
732 734
731 735
738 739
734 742
731 732
733 740
730 739
734 741
736 738
731 737
746 756
748 752
747 750
746 753
752 753
745 753
743 748
751 755
752 755
750 754
745 749
744 752
754 755
743 750
745 748
748 749
743 749
758 760
757 760
760 761
758 762
759 761
758 763
769 771
767 768
771 772
769 770
765 771
764 769
766 770
764 768
775 782
778 783
777 785
774 775
777 781
776 784
778 781
777 786
775 780
773 783
777 782
774 776
775 779
790 792
788 790
787 788
790 791
789 792
424 424
9 10
3 8
4 9
3 7
8 10
5 7
5 10
4 5
5 9
1 6
2 5
6 9
1 9
7 8
11 16
13 20
16 19
17 19
12 19
13 15
11 15
13 18
17 18
14 15
22 31
24 27
26 30
23 26
22 24
23 28
22 26
27 29
21 24
25 27
35 36
37 38
32 39
33 38
32 36
34 38
36 38
33 34
32 38
44 46
48 50
46 49
41 49
42 48
40 42
41 50
42 44
41 48
43 45
43 51
47 48
42 43
43 48
52 59
58 59
53 59
56 61
59 60
54 60
55 61
56 60
53 57
52 56
64 66
63 64
62 64
62 63
62 66
63 65
72 73
69 75
70 74
67 71
71 74
68 71
69 74
71 72
77 79
79 81
77 81
76 78
79 80
76 77
76 80
84 88
83 87
88 89
82 86
85 86
83 86
82 88
91 95
93 95
92 95
94 95
90 95
96 101
98 101
97 100
96 97
98 100
99 101
98 102
105 110
103 111
103 107
104 106
103 104
106 109
104 105
109 111
107 108
112 120
118 120
117 119
112 116
115 118
114 116
113 117
117 118
114 118
122 124
126 127
124 126
121 126
126 130
124 129
123 125
126 128
123 127
122 125
127 130
136 137
133 142
131 136
132 141
131 139
136 142
136 138
134 136
131 135
135 140
136 141
140 143
131 134
151 152
146 151
144 156
148 156
146 147
152 154
147 154
146 156
147 150
146 149
145 153
151 153
155 156
157 158
157 161
157 163
159 163
157 160
160 162
157 159
168 172
165 174
169 178
167 171
169 172
168 175
172 177
164 174
166 170
164 177
173 176
172 179
166 169
164 176
167 169
181 185
180 183
184 186
180 189
181 184
184 188
180 188
187 188
182 188
184 190
181 182
192 194
191 193
193 198
192 199
196 199
193 197
195 199
193 199
192 197
200 201
204 210
209 210
206 207
203 209
200 209
202 203
205 207
207 209
202 208
205 209
211 223
215 216
214 220
213 218
211 225
212 219
219 222
218 219
217 227
213 224
211 218
216 221
217 226
212 221
218 227
212 214
231 233
232 234
229 230
230 233
228 230
232 233
248 249
240 243
237 245
244 248
239 242
242 248
236 242
237 241
235 241
236 240
236 246
245 247
237 249
238 249
250 254
251 254
252 255
251 257
253 254
251 256
251 252
261 268
263 264
258 264
260 267
259 265
266 267
261 267
259 260
258 267
263 265
258 262
270 271
269 274
272 273
269 270
271 273
269 272
272 274
277 278
278 281
276 277
276 279
278 279
275 278
277 281
280 281
291 293
287 293
289 293
286 288
285 287
289 290
284 285
287 292
282 288
282 285
282 291
283 292
295 296
295 298
294 296
297 298
294 298
296 297
302 304
299 303
300 302
301 302
300 301
299 301
301 303
305 308
310 312
305 311
306 312
305 307
309 311
307 310
318 322
315 319
316 322
319 321
314 321
317 321
313 314
316 321
319 320
326 328
323 326
324 325
324 328
323 328
325 327
323 324
323 327
333 335
331 335
334 335
336 338
335 339
329 334
338 339
330 333
332 337
335 337
335 340
350 351
341 342
343 344
342 348
343 347
346 347
342 344
350 352
344 349
345 348
349 352
355 357
354 358
357 360
356 358
353 357
354 357
354 359
356 359
362 367
369 370
361 370
366 367
365 369
361 366
366 369
363 365
365 368
362 364
372 376
373 374
375 376
371 375
374 375
379 380
380 382
377 379
380 381
378 380
377 378
384 393
385 393
387 390
383 392
386 393
384 389
385 388
383 387
387 391
383 393
394 403
394 400
401 402
394 396
398 402
399 402
394 402
401 404
402 404
395 400
397 402
406 410
406 407
406 409
405 409
408 410
414 415
415 416
412 413
412 414
413 414
413 417
411 417
419 422
418 421
419 421
418 424
422 423
419 420
418 422
388 387
1 2
2 7
6 7
4 5
2 5
3 5
8 9
8 10
11 12
11 13
12 13
16 19
17 19
18 19
14 19
15 19
16 18
17 18
15 18
16 17
22 24
23 24
20 24
21 22
26 27
28 29
26 29
27 29
26 28
25 26
30 31
30 32
31 32
33 34
34 35
37 39
38 39
36 39
39 40
36 38
42 43
41 42
41 43
44 46
44 45
45 48
46 48
46 47
49 50
51 54
51 53
52 54
51 52
53 54
55 57
56 58
55 56
57 58
55 58
56 57
60 63
61 62
59 61
60 62
59 63
59 60
61 63
62 63
59 62
64 66
66 68
65 66
64 67
66 69
72 73
70 71
70 73
71 73
70 72
71 72
75 77
76 78
74 77
76 77
75 78
74 76
79 80
79 81
80 81
85 86
83 84
83 85
83 86
88 89
88 90
89 90
87 89
93 95
94 96
93 94
95 96
92 94
97 98
99 100
99 101
100 101
105 107
102 104
105 106
102 106
103 106
110 111
108 109
109 111
108 110
109 110
112 113
114 117
115 116
114 116
115 117
114 115
116 117
119 121
120 122
119 120
118 123
119 123
118 122
118 121
125 126
124 125
124 126
127 128
130 132
129 130
130 131
129 132
131 132
133 134
129 134
131 134
136 137
135 136
137 138
135 139
136 139
135 137
140 141
142 143
145 146
145 147
146 147
150 152
148 152
149 151
148 149
148 151
148 150
154 155
154 156
153 154
155 156
158 159
157 158
157 159
163 164
162 165
160 164
162 164
160 163
161 163
162 163
167 168
166 167
166 168
171 172
169 172
170 171
173 174
175 176
178 182
180 183
178 180
177 183
181 183
178 179
177 178
181 182
184 186
185 187
186 187
184 185
185 186
184 187
189 191
188 190
189 190
188 192
190 192
194 196
193 194
195 196
193 196
198 199
197 198
197 199
201 202
202 203
201 204
200 205
202 205
200 204
206 210
206 209
208 211
211 212
206 212
207 212
206 211
213 214
213 215
214 215
216 217
222 223
220 222
220 221
219 220
224 225
224 226
225 226
227 229
228 229
227 228
231 233
231 232
230 233
232 233
230 232
234 236
234 238
237 238
235 237
239 240
242 243
241 242
241 243
244 245
246 247
248 249
254 255
253 254
252 254
250 252
251 252
250 255
252 253
250 251
256 257
259 260
259 261
260 261
262 263
262 264
265 266
267 269
268 269
267 268
270 271
272 273
270 273
270 272
271 272
274 275
276 277
279 282
278 280
277 279
277 281
280 281
284 285
283 284
283 285
286 287
286 288
287 288
289 290
291 294
292 294
293 294
295 296
299 300
297 299
295 298
298 299
295 297
297 300
298 300
301 303
302 303
304 305
304 306
305 306
308 309
307 308
307 309
311 312
313 314
312 314
310 314
312 313
315 316
316 319
317 318
315 318
318 320
318 319
321 323
327 329
324 325
328 329
326 327
323 329
325 327
322 329
331 332
330 331
330 334
332 334
330 333
332 333
335 337
336 337
335 336
339 340
338 339
338 340
338 341
342 345
343 344
342 344
343 345
342 343
346 347
346 350
347 350
348 350
348 349
347 349
352 353
351 352
351 353
354 355
356 357
356 358
357 358
361 362
359 360
359 363
359 361
360 362
364 367
365 367
366 367
364 366
365 366
364 365
368 369
368 370
369 370
372 373
371 372
371 373
376 378
375 376
374 378
375 378
377 378
379 380
379 381
380 381
383 384
382 383
382 384
387 388
385 387
386 387
129 129
3 4
1 8
6 7
5 10
8 9
2 9
5 6
4 8
6 9
3 5
8 11
13 17
14 17
15 17
12 13
15 16
12 15
19 24
21 26
18 20
26 27
19 23
23 26
18 26
22 23
20 29
23 25
27 29
24 28
23 24
31 34
31 40
37 39
33 39
35 36
39 40
32 39
34 35
30 35
31 38
33 34
43 46
44 45
41 46
41 51
42 50
47 48
45 50
46 50
44 49
47 50
52 53
54 61
55 56
52 57
56 60
54 59
52 60
58 60
56 59
68 75
74 75
69 75
67 68
64 65
62 71
64 68
70 73
67 70
66 73
63 75
62 73
65 67
68 73
68 72
62 69
80 82
82 87
85 88
81 85
81 84
77 84
79 80
83 86
80 89
81 83
76 83
78 85
76 79
91 95
92 99
93 94
93 100
96 100
93 97
99 102
90 93
94 102
94 98
101 102
92 98
90 95
105 110
104 107
110 114
105 107
106 107
105 116
103 110
112 116
108 111
112 115
103 106
113 114
109 111
105 111
119 121
117 120
117 119
118 119
119 123
118 122
117 121
124 127
125 126
124 129
126 129
127 128
124 125
242 242
1 2
1 5
3 7
5 7
1 4
8 9
5 6
4 8
1 3
13 14
10 11
14 17
11 19
18 19
10 20
10 16
12 15
11 14
10 12
26 30
26 27
28 29
23 29
21 22
21 30
25 30
23 24
29 30
32 37
34 36
32 39
34 35
35 39
32 38
35 38
33 34
35 37
31 37
40 43
45 46
40 46
41 46
40 45
42 44
40 44
45 47
40 41
40 47
42 46
49 52
48 51
49 50
53 54
49 53
48 53
60 63
56 65
62 65
57 65
63 64
58 65
59 60
61 63
56 63
56 57
55 64
58 66
67 70
68 70
67 68
69 70
73 75
72 76
74 78
74 77
79 80
72 77
71 79
73 76
73 79
81 82
81 84
86 87
82 86
85 86
83 86
90 91
88 90
91 93
88 89
90 93
89 92
89 91
94 103
98 101
94 96
97 103
100 101
94 98
99 101
96 98
95 101
98 102
104 106
105 106
104 105
113 116
112 114
114 117
110 117
108 112
107 112
108 117
113 114
115 117
109 114
111 117
128 130
121 129
118 126
122 127
120 128
118 122
127 128
122 123
118 131
121 124
119 122
122 129
125 129
132 133
134 135
132 135
133 135
132 136
137 139
138 139
137 142
138 141
139 140
138 143
146 148
151 152
144 145
147 152
148 149
149 150
145 150
148 151
148 150
158 161
153 161
156 159
153 157
154 157
156 160
154 162
160 162
153 155
168 172
167 175
169 172
167 171
166 174
164 168
163 170
166 167
167 173
165 169
164 166
163 174
180 183
177 180
178 180
182 183
179 182
177 182
178 182
181 182
176 181
189 191
184 186
188 190
187 193
191 192
185 190
184 188
185 193
184 185
184 191
187 191
198 200
195 197
201 202
198 202
197 202
197 199
194 195
196 197
199 201
210 213
206 207
204 209
213 215
212 214
204 215
206 212
204 205
211 215
206 215
207 208
203 210
217 218
220 222
221 222
216 222
219 222
217 220
218 221
217 219
224 229
224 228
225 228
228 229
227 228
223 225
224 226
223 224
225 226
231 233
230 231
232 234
230 233
231 234
237 242
238 242
239 241
237 239
237 240
236 239
235 237
241 242
985 984
1 2
10 11
2 7
11 13
15 17
13 16
5 13
2 3
6 7
2 9
7 12
4 8
11 18
8 18
13 15
11 14
2 11
24 27
32 34
29 35
31 32
28 30
25 26
19 36
25 28
33 35
24 29
24 32
23 24
23 36
27 30
22 27
20 27
22 30
21 32
30 34
19 25
19 34
41 49
42 48
42 54
44 54
44 57
40 44
55 59
37 57
41 51
44 47
52 54
44 50
38 46
40 49
49 61
45 60
43 44
42 46
50 53
44 58
39 49
54 56
40 60
55 60
64 72
67 72
66 68
69 73
71 73
69 74
72 74
68 70
68 73
62 63
65 70
63 68
76 82
75 80
80 84
77 85
89 90
77 88
80 87
77 78
76 81
80 90
78 83
78 86
80 83
77 86
78 79
80 82
93 102
100 104
96 104
92 96
97 104
94 96
91 103
99 105
93 97
95 99
101 105
104 105
91 105
97 98
106 114
113 119
108 114
119 120
107 113
106 116
112 116
116 120
110 119
107 109
111 118
117 118
106 108
115 120
111 114
137 139
136 137
128 142
125 134
133 144
126 132
121 130
121 136
128 129
128 141
125 136
124 140
135 137
143 144
127 139
121 126
123 129
132 138
131 142
136 138
121 122
124 139
121 128
121 143
152 156
145 149
145 155
147 152
146 157
153 157
150 158
147 155
148 155
145 150
147 154
151 157
153 156
158 159
145 159
157 159
165 171
168 172
161 171
160 168
171 174
164 168
163 170
166 172
165 170
161 173
161 170
161 166
161 169
160 162
164 166
167 172
177 187
180 186
182 183
180 189
182 192
176 179
193 194
175 186
185 190
180 191
182 188
186 194
175 179
177 188
181 182
182 184
179 188
179 185
175 178
211 216
201 215
208 217
210 220
196 200
212 220
205 212
205 215
196 221
209 221
203 211
199 207
198 199
195 218
201 210
200 214
201 219
202 217
199 206
207 213
208 212
216 219
195 199
199 215
204 205
212 221
196 216
197 211
224 238
229 237
237 238
237 241
228 238
222 234
235 237
235 240
223 226
229 230
229 236
222 230
233 239
234 238
225 241
232 237
223 234
231 241
237 242
233 238
227 234
252 256
250 254
245 249
246 254
248 251
244 255
255 256
250 256
245 251
245 254
251 253
247 256
243 250
244 256
247 252
269 270
266 271
260 267
260 264
270 274
261 265
262 270
262 276
257 264
260 272
257 273
268 279
260 275
263 271
258 265
257 269
275 278
267 277
260 268
263 264
264 265
259 260
280 287
287 297
288 289
289 294
287 293
286 296
284 293
289 293
282 286
281 289
285 293
286 292
286 294
284 294
280 291
287 295
290 292
283 285
305 306
303 304
309 313
300 309
308 315
298 309
299 312
301 308
313 314
298 308
308 311
310 314
306 308
299 301
299 307
302 308
299 304
320 329
321 323
319 322
316 329
323 326
323 329
324 328
319 328
318 324
324 327
317 326
316 324
322 323
325 326
335 349
330 347
333 346
337 340
333 349
338 345
342 348
335 336
342 351
330 331
344 351
341 343
333 339
333 345
334 340
331 344
331 350
345 346
335 341
330 333
334 349
332 342
363 364
353 358
359 363
352 357
355 363
361 364
356 364
354 357
360 363
352 353
358 363
354 363
353 365
362 364
371 380
370 371
371 376
366 371
368 373
373 381
368 379
371 378
367 372
374 375
367 378
368 375
369 381
371 377
375 381
370 381
383 402
390 392
388 404
382 387
383 386
391 396
385 392
402 408
387 389
385 395
387 401
392 394
404 405
395 402
393 408
395 405
383 400
383 406
396 406
401 402
393 398
384 395
403 408
393 407
389 397
399 401
425 426
410 413
426 431
409 430
422 427
414 417
419 431
416 417
415 430
421 428
423 425
419 427
415 417
414 428
414 431
420 431
410 411
414 418
413 416
416 424
412 417
425 429
444 448
445 447
436 438
435 448
449 450
436 443
434 443
439 442
433 435
432 433
441 448
442 447
433 450
440 443
436 448
442 446
442 449
435 437
433 443
435 446
457 461
463 467
458 461
464 466
459 466
454 466
453 454
452 463
456 467
452 466
454 462
460 462
455 468
457 459
455 458
457 465
451 468
452 468
475 479
474 480
474 486
470 473
476 480
469 483
477 484
475 487
471 477
473 486
477 483
478 482
477 480
482 485
475 483
480 485
476 481
469 481
472 477
489 502
492 498
494 501
496 501
490 491
498 504
501 503
493 505
491 495
500 501
492 506
488 493
499 502
501 502
493 498
495 498
495 501
498 502
493 497
526 527
509 520
514 516
507 516
516 522
515 520
516 528
516 525
523 524
517 520
519 523
514 521
524 528
515 525
516 527
512 514
511 512
508 519
509 518
516 520
516 529
513 515
510 528
548 554
547 556
532 543
535 545
543 552
537 545
536 552
533 545
548 550
540 552
548 553
532 551
531 546
542 555
552 559
539 541
530 532
556 557
544 555
548 549
538 545
555 558
530 547
535 543
543 544
534 547
541 543
541 546
544 548
561 567
567 583
581 582
572 576
569 583
577 581
560 577
573 574
565 573
573 583
568 575
565 579
573 586
573 581
570 587
569 585
565 580
566 577
561 584
563 578
562 582
576 587
564 582
571 578
568 573
585 586
576 583
578 580
598 603
599 602
594 602
589 591
597 598
592 598
593 595
595 598
599 601
590 591
588 591
596 603
594 603
599 600
597 599
591 597
604 611
606 613
609 614
607 608
609 613
607 610
612 613
606 608
606 611
605 609
616 640
622 635
632 633
627 628
618 628
626 641
637 641
618 637
634 636
616 621
623 629
621 638
615 631
636 638
617 634
618 639
625 626
615 618
622 633
623 637
619 621
617 630
619 633
620 626
628 633
624 626
634 637
647 649
646 653
654 660
645 657
642 650
650 656
644 649
647 648
653 661
656 660
658 660
649 654
646 649
646 655
646 658
648 649
648 652
659 661
655 657
643 649
650 651
670 673
662 673
674 675
672 674
665 671
663 664
664 674
665 674
666 668
664 667
662 668
673 674
669 674
679 682
684 685
678 679
683 685
676 681
685 687
676 684
682 684
679 686
677 679
676 680
698 710
696 697
700 709
701 708
693 704
688 692
690 707
696 705
696 708
700 702
693 697
700 708
698 699
689 696
688 700
698 708
690 700
691 708
695 696
694 697
694 706
694 703
693 711
722 727
722 723
712 717
714 727
721 724
727 729
719 726
712 713
712 719
714 720
725 726
714 716
712 722
712 728
718 722
719 721
714 715
743 748
736 742
730 732
736 754
730 738
732 735
750 753
737 743
743 753
736 741
740 741
739 743
740 750
735 751
746 748
738 747
745 752
743 749
734 740
744 753
736 743
730 733
731 738
730 736
730 745
745 751
755 762
772 778
757 762
760 770
775 776
764 770
769 775
762 763
762 766
770 779
761 770
768 779
756 759
761 773
762 778
756 777
775 778
765 767
765 776
769 774
762 771
761 778
775 777
758 767
783 784
798 800
780 788
781 796
783 787
785 796
783 802
796 799
780 781
786 797
789 799
785 786
782 793
781 801
791 802
785 798
785 795
782 802
792 800
780 786
790 793
783 785
794 800
785 803
807 814
808 815
806 807
807 816
805 809
813 816
808 809
804 812
810 811
809 814
807 808
804 815
806 811
819 829
821 829
829 836
823 832
825 829
826 834
823 835
835 836
820 829
821 828
820 832
826 833
820 822
829 831
829 834
818 834
821 830
823 827
817 835
824 831
824 834
842 850
840 848
837 840
849 850
848 852
844 851
838 847
840 850
843 850
846 851
837 841
839 850
845 850
846 850
837 847
855 862
858 863
857 859
858 859
861 866
854 861
867 868
855 867
861 862
866 867
856 867
857 864
853 864
865 866
860 866
858 866
853 866
876 881
874 880
874 883
882 884
871 872
877 882
872 873
873 878
871 883
870 884
875 883
878 879
873 874
880 882
883 884
869 876
877 883
870 871
871 876
895 898
896 898
891 898
889 891
885 893
885 896
896 897
898 899
893 899
892 896
890 898
888 895
887 893
885 891
886 896
894 898
900 904
901 908
901 914
900 901
900 913
903 914
900 910
907 910
901 909
905 912
906 912
905 915
909 911
908 912
902 907
929 932
917 918
918 923
926 933
922 923
916 919
919 930
919 933
920 931
918 919
926 932
923 927
931 934
921 923
917 925
918 924
926 931
928 931
923 926
941 946
936 950
938 947
935 936
944 945
937 951
941 948
938 949
935 938
939 941
937 941
939 944
948 950
942 943
936 948
949 951
935 940
940 942
939 940
955 959
957 962
952 961
955 962
952 954
953 965
959 964
958 965
961 966
955 960
954 963
952 956
956 962
956 958
952 959
981 984
980 981
973 983
967 974
970 975
975 980
972 977
975 983
973 982
975 979
971 983
968 972
968 985
974 980
978 983
975 985
976 985
969 978
354 353
10 15
13 14
3 8
6 12
4 16
10 14
14 18
9 11
1 8
5 7
4 18
8 18
2 15
9 17
5 12
5 18
3 11
43 46
35 39
26 36
24 48
23 31
21 40
39 45
40 50
23 40
20 50
22 41
30 33
25 28
27 49
32 36
32 42
35 47
38 43
35 50
22 34
20 49
22 40
34 39
20 46
37 44
29 30
25 48
22 24
22 33
34 38
30 37
19 34
36 50
72 73
51 53
60 71
52 67
63 64
55 56
54 64
59 63
60 73
57 62
57 68
57 71
63 69
56 57
58 66
52 56
70 71
51 57
51 63
66 70
57 61
65 71
62 63
82 87
79 94
81 88
87 89
78 86
78 92
78 95
83 85
75 96
96 97
82 92
84 98
77 83
97 98
83 84
75 80
75 83
83 90
92 93
76 81
88 92
77 82
80 90
75 82
74 80
83 89
75 94
75 91
105 110
110 124
111 123
107 113
99 109
118 122
99 121
114 118
100 101
104 126
106 123
110 123
102 125
116 124
124 125
108 114
117 119
99 104
107 120
112 113
103 113
103 119
101 125
104 124
115 124
113 124
109 114
136 137
129 140
127 136
127 138
131 139
134 136
130 140
131 138
131 135
133 137
132 136
138 140
127 130
128 140
145 152
144 153
143 151
141 160
155 159
148 153
151 155
149 161
154 160
145 157
147 154
156 160
146 159
142 146
141 153
157 158
149 157
151 157
154 159
147 150
141 149
166 175
177 181
171 177
167 173
164 180
164 177
179 181
170 178
169 176
174 178
163 172
165 169
163 181
169 181
168 176
166 182
162 169
171 175
167 174
174 176
194 197
193 195
194 203
196 197
197 201
192 202
194 199
184 192
185 193
188 204
188 201
190 198
195 200
186 200
189 202
184 191
194 204
183 201
190 200
195 202
198 201
200 204
184 187
206 217
219 220
211 225
217 220
208 220
210 226
206 207
215 216
223 226
212 226
209 215
206 222
211 224
212 213
212 216
214 216
205 226
206 221
220 226
208 218
206 211
230 245
242 246
234 242
233 240
227 233
235 243
231 239
230 241
232 244
240 245
231 242
229 233
228 237
239 240
228 243
236 244
227 238
240 241
232 240
235 238
256 259
250 254
253 255
249 252
252 262
250 257
247 248
252 258
247 257
254 260
253 257
248 250
248 256
256 263
253 259
251 252
250 261
256 262
266 271
267 276
269 279
271 273
280 282
265 266
265 272
274 284
264 282
270 286
275 279
284 285
266 276
269 281
280 281
271 278
271 284
277 278
269 286
268 278
265 270
271 283
287 303
306 310
287 306
301 305
289 303
294 302
295 310
290 292
297 310
293 294
293 300
293 306
293 309
292 298
302 311
291 296
299 306
291 308
293 305
287 304
289 307
301 306
287 288
291 310
288 290
313 322
315 319
319 322
324 325
315 316
313 328
321 328
312 324
314 318
312 327
313 327
318 326
314 327
313 317
317 323
319 320
312 329
334 354
333 346
338 345
346 352
331 333
338 351
331 339
331 342
336 338
353 354
345 350
330 334
347 353
349 353
348 354
338 347
337 354
342 344
341 345
333 335
332 339
338 343
338 346
331 340
947 947
2 7
3 7
6 8
4 6
5 9
1 6
1 9
2 8
11 16
12 20
11 19
10 17
13 16
18 19
12 22
11 15
16 21
17 18
12 18
12 14
24 33
23 36
30 34
31 36
25 31
29 35
24 35
26 32
24 32
24 28
24 37
25 27
23 34
24 34
26 31
38 46
40 43
41 43
38 39
41 45
42 44
40 41
39 41
42 46
47 49
49 51
47 51
47 48
47 50
54 61
53 59
57 58
59 60
52 54
57 60
52 60
55 60
52 56
64 72
70 71
65 72
67 68
66 71
65 75
63 73
64 68
62 64
72 74
67 73
69 73
64 73
71 72
81 85
79 84
79 86
77 84
78 83
80 86
80 83
82 85
81 86
76 79
88 94
91 95
93 95
92 93
89 90
90 93
94 95
87 94
97 99
96 97
97 98
101 104
105 107
100 103
103 104
102 107
106 108
101 108
102 108
100 101
111 113
110 111
113 115
109 111
110 112
109 114
116 123
122 124
120 122
118 123
117 119
117 122
120 124
120 121
116 121
116 117
127 133
134 135
127 129
127 132
125 131
127 131
128 135
126 129
130 133
127 130
131 134
137 139
137 138
139 141
140 141
136 138
139 140
138 140
136 140
145 152
144 155
143 153
149 153
142 151
146 150
150 151
149 154
147 148
144 150
145 150
145 147
142 155
143 144
157 165
159 161
164 165
158 160
166 167
156 157
160 166
159 166
159 162
157 163
164 166
159 165
168 172
169 172
175 177
170 177
169 171
173 174
172 173
169 177
168 176
170 175
185 188
179 183
181 188
186 187
181 187
178 183
180 185
184 188
180 182
185 186
183 188
192 194
197 198
191 193
195 197
193 198
189 193
189 196
192 198
190 192
205 206
202 204
199 200
201 202
199 202
202 203
204 205
200 205
199 204
202 205
209 210
207 213
214 217
207 210
213 215
210 212
214 216
214 215
211 214
208 210
220 226
224 228
227 229
222 229
221 222
223 225
218 219
220 221
221 224
223 227
223 224
219 227
230 235
237 238
231 232
231 235
235 238
233 237
230 236
232 233
234 235
240 243
239 242
239 241
240 241
242 243
244 248
247 248
244 245
245 248
246 247
244 246
245 246
249 252
250 253
249 253
251 252
252 253
254 258
255 257
254 257
256 257
257 260
258 259
264 266
262 267
265 267
264 265
263 267
266 267
261 267
261 262
268 275
268 272
269 270
272 276
268 271
268 273
270 275
272 274
277 278
278 284
277 280
281 283
279 282
278 283
278 279
288 293
287 290
286 289
287 292
287 288
286 291
286 288
285 292
295 299
294 297
295 298
298 299
294 296
296 298
294 299
302 304
302 307
302 303
300 301
304 305
302 306
300 304
305 307
309 313
308 312
309 312
310 312
308 311
309 311
314 316
315 316
314 315
314 317
315 317
316 317
318 322
321 323
322 324
319 321
318 321
320 324
321 324
322 323
328 336
331 335
325 332
331 332
335 336
328 329
326 327
330 334
327 331
326 333
334 336
325 330
327 333
340 341
337 341
340 343
338 339
342 343
339 340
337 342
346 358
348 355
344 355
355 360
354 358
353 355
357 360
350 353
345 353
345 359
355 356
344 351
347 360
351 352
347 349
344 346
361 362
362 366
361 364
362 363
361 366
363 365
362 364
372 377
369 374
375 377
370 377
368 374
369 375
367 375
373 376
371 374
377 378
371 373
379 380
384 386
381 383
383 385
382 386
380 385
383 384
379 387
380 381
379 384
388 392
389 392
389 395
390 395
393 394
389 391
392 394
396 403
398 400
400 402
396 402
397 401
397 400
397 399
396 397
400 403
404 405
404 407
405 407
404 406
405 406
409 410
408 409
408 410
420 422
413 425
413 415
411 422
416 424
412 421
417 424
423 424
419 421
418 424
420 421
414 416
413 421
413 423
411 417
427 429
426 431
426 427
427 430
426 428
433 434
432 435
433 436
434 436
432 436
433 435
440 441
439 444
437 445
442 446
445 447
438 440
442 449
445 446
441 443
439 449
442 448
440 445
450 453
451 453
452 453
450 452
451 452
450 451
454 457
455 457
454 456
456 457
454 455
470 474
463 467
464 466
472 473
459 472
469 470
462 473
466 472
467 472
466 469
464 474
458 472
464 471
462 465
463 468
461 467
460 464
478 480
476 479
478 479
475 478
476 481
476 478
477 478
487 489
484 486
482 486
486 489
483 485
482 485
482 488
500 502
490 496
497 498
492 498
496 502
494 498
493 501
494 501
493 500
499 500
491 501
495 500
496 500
491 500
494 496
503 509
504 508
503 506
505 511
509 510
505 507
504 510
503 504
504 512
505 512
516 517
513 516
514 516
513 515
514 515
520 524
522 523
520 523
518 522
519 523
521 522
526 531
530 534
525 534
532 534
533 534
526 533
528 533
528 529
527 533
538 541
537 540
542 543
535 536
536 541
536 540
535 542
537 539
541 542
544 547
546 554
551 552
546 547
549 553
546 550
547 549
545 549
545 546
546 552
548 549
559 563
562 563
557 563
555 560
556 561
555 559
558 561
556 557
560 561
557 561
568 569
564 566
565 566
566 568
565 567
571 576
570 579
576 577
575 578
574 576
574 579
574 578
572 574
573 574
581 586
583 586
582 585
583 585
585 587
581 587
583 584
580 583
588 589
588 592
592 595
590 592
588 594
590 594
591 594
589 592
588 590
588 593
599 602
597 601
598 602
596 600
598 601
596 599
599 600
607 612
608 611
611 612
604 611
606 610
607 611
610 612
608 609
612 613
606 608
605 606
620 621
617 621
616 620
619 621
614 616
615 616
616 619
614 618
623 625
624 625
622 623
623 624
622 624
627 632
627 629
626 632
628 629
627 631
628 632
627 630
635 637
636 638
635 640
634 639
637 639
633 636
639 641
636 637
637 642
644 647
645 647
643 646
644 646
644 645
646 647
650 654
653 656
651 652
653 655
648 655
649 652
655 658
648 651
648 654
657 658
655 657
659 663
659 666
662 666
662 663
659 665
663 664
661 665
659 660
667 672
671 673
669 673
669 670
669 672
668 670
669 671
668 669
678 680
678 679
680 681
675 681
677 680
674 677
675 677
675 680
675 676
682 685
683 688
684 687
684 686
685 686
682 683
693 694
689 691
689 693
692 694
692 693
690 694
699 702
697 704
696 697
699 701
695 698
701 703
700 701
698 702
702 703
695 704
696 702
706 709
707 709
705 707
708 709
711 715
714 718
710 713
713 716
711 717
713 718
713 715
712 715
720 724
721 724
719 720
720 723
724 725
722 725
720 725
726 734
728 731
727 729
726 727
726 733
728 730
732 733
729 732
726 728
729 734
736 740
736 739
735 742
741 742
737 742
738 741
740 742
736 741
746 749
749 750
744 750
747 749
743 748
748 750
749 751
745 751
743 749
754 757
756 758
753 758
753 755
756 757
752 757
753 757
762 765
761 763
760 765
763 765
759 761
763 764
768 769
768 775
766 772
766 775
768 771
767 774
768 770
767 773
768 773
780 782
778 783
776 781
780 785
776 777
776 784
780 784
779 780
778 784
789 791
787 792
788 790
787 794
788 793
786 793
787 793
788 791
797 798
799 802
798 800
799 801
796 797
797 800
798 799
795 802
796 798
804 805
804 806
803 806
805 807
809 811
810 811
808 810
809 810
813 814
812 813
814 815
812 815
813 815
820 824
823 830
823 826
821 826
824 826
819 825
827 829
816 820
820 829
819 831
830 832
817 831
822 831
816 828
824 832
818 828
820 831
836 840
836 837
838 839
835 836
833 838
836 839
834 838
838 841
836 838
842 850
849 850
843 852
845 849
844 845
842 852
845 851
842 847
842 848
848 853
846 850
843 846
854 859
858 863
859 864
854 861
860 861
857 858
861 862
859 860
856 857
861 865
854 856
855 856
867 872
872 878
871 875
867 868
873 874
866 867
866 876
870 874
867 870
870 877
867 879
875 876
869 871
882 885
883 884
880 881
880 884
882 884
886 889
888 891
886 888
888 890
887 888
886 887
887 890
887 893
891 892
894 895
896 898
898 904
898 900
898 903
897 899
898 902
902 905
899 905
897 898
897 901
912 914
907 914
911 912
906 907
906 913
908 914
909 912
910 912
909 914
923 928
918 928
915 919
916 929
928 929
922 925
926 928
918 924
917 928
919 924
924 928
925 928
920 928
921 927
924 927
933 936
933 935
932 933
936 937
930 934
933 934
931 933
940 942
942 945
941 942
939 941
943 944
938 944
939 944
943 947
944 946
944 945
941 947
971 971
1 2
3 4
1 5
1 6
1 3
7 10
12 16
9 12
12 13
7 9
9 14
8 12
11 14
14 15
19 20
21 22
17 19
17 22
17 21
18 21
20 21
26 27
24 26
25 26
23 26
31 34
31 33
28 35
30 32
34 35
30 34
29 30
36 39
36 37
38 39
41 43
41 46
40 45
41 45
40 44
41 48
40 41
41 44
42 43
46 47
56 58
52 55
54 57
53 55
49 57
56 57
51 58
52 57
50 56
63 64
60 66
59 63
62 64
59 60
60 61
62 66
63 65
68 71
67 68
67 69
69 70
72 73
72 74
73 74
77 79
75 77
77 78
75 76
76 77
75 79
78 79
76 79
82 87
83 87
84 87
85 87
81 84
83 86
80 83
82 88
92 93
91 93
90 93
89 92
89 91
96 101
97 101
97 100
96 97
95 102
94 98
97 99
94 95
97 98
104 107
105 107
106 109
103 106
103 105
103 108
110 114
111 113
110 117
111 116
111 112
112 115
115 117
118 120
121 122
118 119
118 122
120 121
121 124
119 125
120 123
128 130
126 127
128 129
130 131
127 131
127 128
126 131
127 130
136 140
138 139
133 139
134 137
134 140
132 134
133 134
139 140
138 140
135 137
142 145
145 146
141 145
142 144
143 145
142 146
141 144
150 152
148 153
151 152
147 148
152 153
149 153
148 151
150 153
148 150
154 155
158 159
157 158
154 160
156 157
155 160
155 159
163 164
162 165
165 166
161 163
162 163
164 166
161 162
168 172
167 171
168 171
167 168
168 174
168 173
170 172
168 169
179 180
177 180
177 183
175 176
179 182
176 179
175 182
181 183
179 181
176 178
184 186
188 190
185 187
189 190
184 185
185 186
187 188
186 189
184 187
191 193
192 193
193 194
191 195
194 195
200 201
202 204
198 203
196 199
199 202
200 202
197 199
203 204
209 210
206 207
207 210
205 208
205 207
211 213
211 212
211 215
214 215
211 214
213 216
218 220
222 223
218 223
217 221
220 222
218 219
219 221
224 225
225 229
228 229
225 227
224 226
230 231
230 232
238 239
235 239
233 235
234 236
234 239
237 239
240 243
240 242
243 244
242 243
241 242
245 248
245 247
247 249
248 249
245 246
250 254
251 257
255 256
250 256
250 253
251 256
252 254
256 257
260 261
259 260
261 263
258 262
261 262
265 268
266 268
264 268
267 268
270 274
273 275
269 271
269 274
272 275
275 276
271 273
273 276
269 275
277 278
278 281
279 280
277 280
278 280
278 279
280 281
282 284
282 286
283 286
284 285
285 286
292 293
290 294
288 295
290 293
287 292
294 295
289 295
287 295
290 295
287 291
290 292
297 298
296 297
296 298
303 306
300 302
300 301
302 306
301 304
302 305
299 301
301 303
307 310
308 309
309 310
307 309
313 316
315 316
313 315
314 315
311 312
311 315
312 316
319 321
319 320
317 319
318 319
324 325
326 327
322 326
323 324
325 326
323 327
333 335
331 333
331 335
334 335
329 335
330 333
328 334
332 333
337 339
336 341
336 340
338 339
336 339
342 345
347 348
343 350
345 350
344 348
346 349
347 349
345 348
351 354
354 355
352 354
353 354
353 355
361 362
359 360
358 361
357 363
357 359
356 357
361 363
357 358
366 368
366 371
367 370
364 367
366 367
365 370
368 369
367 371
367 368
372 373
374 375
372 375
373 376
373 375
379 383
378 379
378 382
377 379
379 381
378 380
384 386
385 386
384 385
384 387
386 387
390 393
390 392
388 391
390 391
389 390
388 393
394 397
395 397
394 395
396 397
394 398
399 400
406 407
404 405
402 405
403 405
401 404
404 406
403 404
410 413
415 416
408 409
410 415
411 415
414 416
408 414
409 412
418 419
418 421
419 420
417 419
422 426
423 425
424 426
423 424
427 428
427 429
428 429
430 437
430 434
434 438
435 438
436 438
430 433
431 438
432 434
434 436
432 436
433 435
439 441
442 446
441 444
443 446
446 447
445 446
439 443
440 443
440 442
442 444
448 451
449 450
453 454
450 453
448 450
448 453
449 452
450 452
451 452
455 457
456 458
456 457
455 459
455 458
456 459
462 464
460 463
460 466
464 465
462 466
461 465
462 465
465 466
460 461
468 472
468 469
467 469
469 472
468 470
467 468
470 471
475 476
473 476
474 476
475 477
473 474
479 483
480 482
478 483
481 483
479 482
479 484
486 487
487 488
485 487
486 488
485 486
491 493
489 492
490 492
491 492
489 491
489 494
495 499
497 499
498 499
496 497
502 503
500 502
500 501
500 503
501 503
504 505
504 508
505 507
506 509
504 509
511 512
510 512
515 516
513 517
514 517
515 517
513 515
521 525
523 528
518 527
524 528
523 525
525 527
519 522
519 525
523 524
525 526
520 525
529 532
531 534
532 534
529 531
535 536
529 530
533 536
534 536
542 544
540 541
542 543
538 542
537 539
539 541
539 544
546 548
545 548
545 550
546 550
548 549
547 551
549 551
552 557
555 556
553 557
552 556
554 555
554 558
554 557
568 569
559 560
562 567
564 566
563 568
565 568
559 565
561 565
564 567
561 564
560 567
571 573
570 572
571 572
570 571
570 573
575 576
578 582
579 582
574 582
580 581
575 581
574 575
577 581
574 581
585 586
583 584
583 585
588 589
587 592
591 593
590 592
587 594
591 592
589 593
588 593
597 598
595 598
595 596
600 603
599 601
599 600
600 602
609 611
604 611
605 608
607 608
604 610
607 611
604 607
606 608
616 617
612 617
615 616
612 613
614 615
619 622
621 624
618 620
618 623
618 621
622 624
626 628
625 630
625 629
628 630
627 628
628 629
631 634
634 636
632 637
632 633
636 637
634 635
632 635
639 640
638 639
638 641
638 642
648 650
645 648
646 649
645 647
648 649
646 651
643 648
644 648
649 651
652 654
653 654
653 655
657 661
656 661
656 660
659 661
658 660
662 666
662 663
663 668
662 664
664 668
663 667
662 665
665 667
666 667
670 672
671 672
669 672
669 673
677 678
679 681
678 679
674 677
675 677
679 680
677 679
676 680
682 683
682 684
683 684
689 694
687 691
689 693
687 694
687 690
687 693
685 686
688 693
689 692
685 689
695 699
696 697
696 698
695 696
702 704
703 704
700 705
700 704
701 702
700 703
708 711
706 707
706 710
707 708
706 709
706 708
713 714
714 717
715 717
712 713
713 716
718 719
719 722
720 722
718 721
721 722
724 727
724 726
723 728
723 725
723 724
729 730
729 733
732 734
731 732
730 732
729 734
735 740
735 736
737 739
736 738
738 740
735 737
745 747
744 746
741 742
745 746
743 747
742 745
741 744
748 749
748 750
749 750
754 757
752 753
757 758
755 758
753 758
752 755
751 754
752 754
751 757
755 756
760 762
760 761
759 762
759 761
759 760
767 769
768 769
763 769
763 768
766 769
765 768
764 766
764 769
770 771
770 772
770 773
777 778
776 781
774 775
775 781
775 777
775 780
777 779
778 780
783 784
783 786
784 786
783 785
782 783
793 794
788 794
792 795
791 794
790 792
788 789
790 794
787 790
800 804
798 803
797 801
798 800
797 800
796 803
799 804
802 804
797 799
796 798
805 807
806 807
805 806
805 808
806 808
807 808
811 815
813 814
809 815
810 812
812 815
813 815
810 811
809 810
816 821
817 820
818 820
819 821
817 818
819 820
820 821
825 827
824 826
822 826
825 826
826 828
827 828
823 825
826 827
829 833
832 833
831 834
834 835
833 834
830 834
836 837
838 839
840 841
838 842
839 842
841 842
836 838
844 845
844 846
845 846
843 845
847 850
848 849
849 850
851 856
852 854
856 858
853 855
852 853
852 856
851 854
853 857
852 855
859 860
859 861
860 861
863 864
862 863
862 864
866 868
865 866
865 867
865 868
869 874
870 872
874 875
870 871
870 873
875 876
870 876
877 884
883 884
878 884
881 883
879 884
877 883
880 883
878 882
888 891
890 893
885 893
885 887
888 890
885 889
886 890
887 890
889 892
887 889
900 901
896 897
897 899
894 899
899 902
895 902
897 898
901 902
908 911
905 907
906 907
907 910
903 910
907 909
904 905
907 908
912 913
914 915
913 914
915 916
918 920
917 918
917 919
921 923
923 925
924 926
922 925
921 922
921 924
923 926
930 932
928 933
928 929
930 934
927 930
933 934
929 934
929 931
931 933
928 930
936 938
939 941
936 937
937 940
935 936
939 940
943 944
943 945
942 944
942 945
950 952
948 951
949 951
946 948
947 950
949 950
954 958
958 959
953 959
954 957
955 957
956 958
954 959
953 957
960 965
961 964
960 962
962 965
963 964
962 963
964 965
969 971
968 970
967 971
970 971
966 969
211 210
1 2
3 4
4 9
7 9
4 5
4 8
5 9
6 9
10 11
13 14
13 15
12 13
12 15
16 20
18 20
18 19
16 18
17 18
21 22
24 25
24 26
23 25
25 26
28 29
27 29
29 31
30 31
28 30
27 28
29 30
35 36
33 35
34 38
32 35
36 38
34 37
41 42
39 41
39 43
40 41
44 45
44 46
45 46
48 50
48 49
47 48
49 50
47 50
52 53
51 52
51 53
54 55
54 56
55 56
57 58
57 59
58 59
60 63
63 64
60 62
60 61
60 64
66 67
65 66
65 67
68 69
68 70
69 70
71 73
72 73
71 72
75 76
74 75
77 79
78 79
77 78
81 82
80 81
80 82
84 88
85 88
86 88
85 86
83 86
87 88
89 94
89 90
93 94
91 92
89 91
95 97
96 97
95 96
99 103
100 103
101 103
98 100
100 102
104 106
105 106
104 105
107 110
108 109
108 111
109 111
109 110
113 116
112 114
115 116
112 113
113 114
114 115
117 120
118 120
120 122
121 122
118 119
117 121
118 121
124 127
125 126
128 129
123 125
124 125
123 128
123 127
132 133
131 132
131 133
134 137
135 138
136 138
134 136
135 137
139 142
140 142
142 143
141 142
144 149
144 145
145 148
146 149
145 147
144 146
150 152
153 154
151 154
152 154
150 153
152 153
155 158
156 158
157 158
155 157
156 157
155 156
163 164
161 165
162 165
159 163
160 163
159 162
166 168
167 168
166 167
166 169
167 169
168 169
170 172
172 173
171 173
170 171
174 178
174 175
175 176
175 178
174 176
177 178
183 184
181 184
180 182
179 184
180 184
185 187
186 187
185 186
190 191
189 190
191 192
188 192
190 192
193 194
193 195
194 195
196 197
196 198
197 198
200 201
200 207
199 206
200 206
199 204
202 206
202 203
201 204
199 205
203 204
200 208
209 210
210 211
905 904
2 4
1 2
3 4
2 5
3 5
6 8
7 9
6 7
8 9
6 9
7 8
11 12
10 11
12 13
10 13
14 18
15 17
14 15
16 18
19 20
19 21
20 21
24 25
23 24
22 23
26 27
28 29
28 30
29 30
31 34
33 36
35 36
33 35
31 35
32 35
36 37
38 39
40 43
42 45
44 45
40 42
41 42
40 44
40 41
42 43
43 44
48 49
48 50
47 48
46 50
52 53
53 56
51 56
51 55
52 54
54 56
52 56
57 58
61 62
61 65
59 64
61 64
60 61
61 66
63 65
67 68
67 70
68 70
69 70
67 69
71 73
72 73
71 74
77 79
76 78
75 79
78 79
76 79
81 82
81 84
82 83
80 83
81 83
85 88
86 88
85 87
86 87
87 88
90 91
90 92
90 93
92 93
94 97
95 97
96 97
94 96
95 96
95 98
94 98
94 95
101 102
99 101
99 102
100 102
106 110
106 107
104 106
105 109
106 109
107 109
103 106
105 108
103 109
103 105
104 110
112 113
111 112
111 113
114 115
114 116
115 116
117 119
118 119
119 120
117 118
121 123
122 124
121 122
122 123
121 124
123 124
127 128
125 127
126 127
126 128
130 131
129 130
129 131
132 134
133 134
135 137
137 138
135 139
139 140
137 140
135 140
136 140
146 148
141 142
147 148
142 147
143 148
145 147
143 144
149 150
151 152
149 152
154 155
153 154
153 155
156 157
157 158
162 164
159 160
160 163
161 163
163 165
161 162
166 168
167 168
166 167
167 169
168 169
170 173
171 172
172 173
174 176
175 176
174 175
177 178
179 182
180 181
181 182
179 180
183 191
189 191
183 187
186 188
190 191
183 184
185 187
186 187
184 190
187 191
192 194
193 195
192 193
193 194
194 195
197 201
200 201
198 199
196 199
196 198
197 199
196 197
205 206
202 204
202 207
202 203
205 207
204 205
202 205
209 210
208 209
208 210
211 212
215 216
213 215
214 216
222 223
220 222
218 222
221 222
219 222
220 223
223 224
217 219
226 229
225 228
228 229
227 228
226 227
225 226
231 232
230 231
230 232
233 236
235 236
233 237
234 236
234 235
239 242
243 244
238 244
240 244
242 243
241 242
247 250
248 250
246 249
245 247
247 249
253 255
254 255
253 254
251 253
251 252
251 255
256 259
258 261
257 259
260 261
256 258
257 261
257 260
258 259
262 263
262 264
263 264
265 268
266 267
265 266
265 267
269 271
271 274
269 274
269 270
273 274
270 273
271 273
270 272
271 272
277 278
275 277
276 277
275 278
276 278
279 280
279 283
280 283
280 282
281 282
280 281
288 289
284 286
285 286
284 288
285 289
284 287
291 293
295 296
290 294
292 296
293 296
294 296
291 295
290 292
297 300
298 299
298 300
303 305
301 302
301 303
301 304
306 307
306 308
307 308
309 313
309 315
313 314
311 315
312 314
309 310
317 319
316 317
316 318
316 319
321 322
320 321
320 322
324 326
323 325
324 325
328 329
327 328
327 329
330 331
330 332
331 332
333 334
336 338
335 336
337 338
336 337
335 337
341 342
339 342
340 341
339 341
340 342
350 351
345 347
347 351
344 348
346 350
348 350
343 349
349 350
343 345
343 348
352 353
354 356
352 356
353 355
359 360
357 360
358 360
357 359
358 359
361 362
363 364
361 364
362 363
361 363
362 364
368 370
365 367
366 367
365 370
368 369
365 369
365 368
372 373
373 374
371 372
371 374
372 374
376 378
375 376
375 379
379 381
378 380
377 378
376 380
382 384
383 385
382 383
384 385
382 385
383 384
386 389
387 388
386 390
388 390
392 393
391 392
391 393
398 400
395 396
399 400
394 400
397 398
398 399
396 398
397 399
401 402
401 403
402 403
404 405
406 407
408 409
410 412
409 413
410 411
408 413
409 412
414 416
414 417
415 417
420 421
418 420
419 420
419 421
425 426
424 425
422 424
423 424
425 427
424 426
429 430
428 429
428 430
432 434
431 432
431 433
433 434
435 438
436 437
438 439
435 436
435 439
437 439
440 441
441 445
442 443
441 447
440 446
444 447
442 444
441 442
448 449
448 450
450 451
453 457
454 456
452 457
452 453
453 456
452 455
453 455
458 459
462 467
461 464
464 466
461 463
462 466
461 462
460 462
463 465
460 467
460 464
468 472
468 469
472 473
471 472
470 472
468 470
474 477
475 478
474 475
476 477
474 478
480 482
479 480
481 483
480 481
479 481
485 487
484 485
484 486
489 490
488 489
488 490
491 492
491 493
492 493
495 496
494 499
494 495
494 498
498 499
496 498
494 497
500 501
503 504
501 502
501 504
505 507
505 506
508 509
512 513
510 511
510 512
515 516
516 518
514 517
514 516
516 519
520 521
522 523
521 522
521 523
524 525
526 527
524 527
525 527
528 529
528 530
529 530
531 534
532 534
531 533
532 535
531 532
540 541
538 540
536 541
538 539
537 541
542 543
542 544
543 544
546 547
545 546
550 551
552 554
549 550
553 554
549 553
552 553
551 554
550 552
549 554
556 559
555 557
555 558
555 559
560 561
562 563
564 565
564 566
565 566
566 567
570 571
570 572
569 570
571 572
573 575
574 575
573 574
576 577
579 580
578 579
578 580
584 585
581 585
583 584
581 584
582 583
586 587
588 592
589 591
588 594
588 591
590 594
592 593
595 599
596 598
596 597
596 600
597 600
595 597
595 596
601 602
603 604
603 605
604 605
608 611
609 611
608 610
607 611
607 610
606 611
613 614
613 617
612 614
614 616
613 615
612 613
619 622
620 621
619 621
618 622
620 622
621 622
618 621
629 630
623 624
625 629
628 630
626 629
626 632
624 629
629 631
627 630
635 637
635 636
636 637
634 635
633 635
639 640
638 639
638 640
643 644
641 644
642 643
645 646
645 647
645 648
646 647
649 651
650 651
654 656
652 655
656 658
655 656
652 658
653 658
652 657
653 657
656 657
655 657
659 662
660 661
661 662
659 660
663 664
665 666
665 667
665 668
670 673
670 672
671 672
670 674
671 674
669 674
675 679
678 680
677 681
680 681
677 680
676 677
675 680
682 685
683 685
682 684
684 686
687 688
688 689
688 690
691 692
691 693
694 695
696 698
701 704
696 704
698 703
696 697
699 701
698 702
701 703
699 700
701 702
697 702
711 712
705 710
710 711
706 710
706 713
706 709
708 712
707 710
705 708
706 708
705 711
714 717
716 720
714 720
718 719
715 716
714 719
714 715
721 722
723 726
724 726
725 726
724 725
723 725
723 724
729 730
727 729
728 730
728 729
730 731
733 734
732 733
732 734
735 736
738 739
737 739
738 740
737 738
739 740
742 743
741 742
741 743
744 745
747 749
747 750
746 748
748 749
751 752
751 753
751 754
752 753
755 756
755 757
756 757
760 761
759 761
758 759
762 763
762 764
762 765
763 765
766 767
769 771
768 769
768 771
770 771
768 770
772 775
773 775
774 775
772 774
776 779
777 778
777 779
778 779
780 782
781 782
780 781
784 785
783 784
785 786
784 786
783 785
787 788
788 789
787 790
788 791
787 789
792 793
794 795
796 799
797 799
796 797
796 798
804 805
802 803
801 804
801 803
802 805
801 805
802 804
809 811
808 810
807 809
807 810
815 818
813 817
814 819
812 819
812 816
813 819
814 818
821 823
822 823
821 822
820 822
820 821
824 826
825 826
825 827
829 830
831 832
829 832
828 831
829 831
830 831
835 837
838 839
834 836
834 838
837 839
833 835
834 835
833 834
834 837
840 842
842 843
840 841
840 844
840 843
845 846
847 848
845 848
846 847
845 847
851 856
851 855
852 854
849 856
850 851
849 855
853 854
852 855
859 861
860 861
859 860
857 860
858 860
864 868
866 868
864 867
867 868
865 867
862 867
863 867
870 872
869 870
870 871
869 873
872 873
871 872
874 875
875 878
876 877
876 879
877 879
876 878
880 882
881 882
882 884
883 884
886 889
885 890
887 888
885 889
887 890
888 889
891 894
892 893
892 896
894 896
892 895
894 895
897 899
899 900
897 898
901 903
902 903
904 905
868 867
4 10
10 11
2 7
6 11
9 12
3 10
10 13
7 13
1 7
5 6
9 14
9 11
8 11
2 8
23 27
18 27
18 23
15 24
23 26
15 27
20 27
16 22
18 19
16 25
20 21
18 25
23 24
17 27
33 36
35 36
30 36
28 29
34 35
29 35
29 32
29 31
40 42
37 41
38 41
38 44
40 41
37 43
39 41
38 43
45 49
49 51
46 48
47 48
49 50
46 47
47 50
55 63
52 59
56 62
56 61
58 61
59 60
57 60
60 61
55 61
54 56
53 57
72 73
70 71
65 72
67 68
70 74
65 69
64 68
67 74
65 68
65 71
68 73
66 72
75 77
79 81
80 81
76 78
75 82
75 79
77 80
78 79
83 88
86 88
84 87
87 89
85 90
85 89
84 86
86 89
96 101
91 95
103 104
92 93
96 97
95 100
96 103
94 95
95 96
95 102
92 104
99 104
98 102
109 113
112 114
105 110
110 114
111 113
110 111
107 113
108 112
107 112
106 108
117 120
119 120
116 119
116 118
115 117
116 121
127 129
124 126
125 128
127 128
126 128
125 130
123 124
122 125
125 129
133 136
136 140
131 136
131 139
133 135
132 134
131 132
131 138
133 137
135 137
145 146
145 152
146 150
148 149
142 150
141 142
147 148
142 147
143 151
144 146
143 144
154 155
155 158
154 161
158 160
155 157
156 157
158 159
153 159
157 159
165 168
162 165
166 168
164 168
165 167
163 166
163 165
172 175
171 177
172 177
170 176
170 173
174 177
170 172
169 176
171 178
180 191
184 186
179 186
187 193
188 190
184 189
191 192
187 189
182 189
179 191
182 185
183 185
181 186
183 188
197 204
198 203
194 203
196 205
198 202
194 199
204 205
200 202
194 205
195 201
195 198
200 204
208 209
206 210
207 210
206 209
206 211
212 213
213 218
212 216
213 214
213 217
215 217
219 220
221 225
220 224
221 224
222 224
219 221
221 223
231 233
230 231
231 232
229 230
226 231
226 227
228 230
234 238
235 243
240 242
239 241
234 235
235 237
241 242
236 242
235 240
245 249
246 248
244 248
246 250
244 247
246 249
245 246
257 259
255 257
251 254
258 264
260 261
253 260
252 258
257 261
251 256
254 263
257 264
252 254
258 262
267 270
265 271
266 271
265 267
267 268
268 269
275 281
276 284
283 284
273 278
278 284
276 277
272 279
275 279
280 282
276 282
274 278
279 281
276 281
287 297
287 293
291 296
288 298
293 296
290 295
285 287
293 299
291 298
294 295
289 295
286 295
289 292
295 297
286 297
306 307
309 311
300 302
300 308
306 313
305 311
302 312
308 311
305 307
305 313
304 311
301 304
303 307
304 307
301 303
304 310
316 319
314 315
315 321
318 321
316 321
315 318
318 320
315 317
316 317
322 325
322 324
325 327
322 323
324 326
325 326
323 327
333 335
331 335
328 329
329 334
330 334
331 334
331 333
332 333
337 339
340 341
336 338
336 341
336 344
336 340
339 341
345 346
336 343
343 345
342 343
339 343
336 339
348 355
349 355
347 348
347 354
348 354
347 351
350 353
347 350
352 353
353 355
357 364
356 362
358 364
360 361
358 360
360 363
356 357
356 363
356 360
357 361
356 359
365 371
370 374
367 370
369 373
373 374
365 373
365 366
374 375
372 375
368 371
366 369
367 368
368 374
382 387
383 386
382 384
376 379
380 383
383 385
376 378
380 382
381 382
377 386
379 382
380 381
390 396
393 398
389 395
388 391
389 391
391 394
388 390
392 394
391 397
394 398
399 407
401 403
403 406
402 409
402 408
399 409
400 401
402 405
406 409
404 407
399 402
416 418
415 416
410 419
413 418
417 421
414 417
410 412
414 420
412 420
410 411
418 423
412 416
421 422
424 425
426 430
424 431
427 431
429 432
428 430
425 431
428 429
432 433
430 431
435 441
435 438
438 440
434 437
434 440
435 440
438 439
435 436
437 440
443 444
446 451
444 445
446 448
442 446
447 449
445 450
443 449
445 446
442 451
449 451
450 451
457 461
452 461
453 461
458 460
452 456
454 458
452 459
455 458
452 458
469 471
467 470
462 470
463 464
465 467
462 469
463 469
464 468
464 467
467 468
466 467
475 479
475 482
472 479
476 482
482 483
474 479
478 482
472 481
473 475
477 479
476 480
489 490
486 487
487 495
491 493
485 495
488 495
493 494
485 490
492 493
487 493
493 497
485 496
493 496
484 493
494 496
502 503
498 500
498 502
499 501
500 501
507 509
504 507
505 510
506 510
504 506
508 510
506 509
511 512
513 517
511 514
511 517
511 519
514 516
519 520
514 515
513 518
522 525
522 524
525 526
523 526
521 522
530 540
528 531
536 538
540 541
533 540
529 537
527 541
527 537
537 539
534 536
528 539
534 539
534 535
528 532
547 550
548 551
545 547
544 549
543 546
548 550
545 546
543 548
542 551
544 548
545 548
553 555
555 556
558 561
552 559
554 555
553 559
560 561
555 561
557 558
562 564
564 569
562 563
567 569
564 565
567 568
563 566
571 573
572 573
570 574
572 574
570 573
584 585
582 586
580 585
575 579
578 586
576 585
579 586
578 579
585 587
575 584
577 581
578 587
580 583
579 581
586 587
588 589
589 591
588 595
591 592
593 594
590 591
589 593
590 594
593 596
599 601
603 607
602 603
600 604
598 607
597 600
603 606
598 601
599 606
597 599
601 605
609 618
615 621
611 618
609 617
616 621
613 618
610 619
618 621
611 614
618 619
619 620
616 622
608 612
609 612
624 628
626 630
625 629
623 630
625 626
624 626
627 630
639 640
635 637
634 636
632 637
636 641
631 636
638 639
632 638
637 641
632 641
633 641
644 654
642 647
643 647
642 654
651 652
650 652
644 649
642 648
646 651
647 651
643 645
653 654
655 656
655 659
655 658
656 657
659 660
662 673
671 673
661 666
664 666
666 669
669 670
663 664
664 668
668 671
669 672
663 667
662 665
663 671
668 669
684 685
679 685
682 685
676 679
677 684
675 681
677 686
678 681
677 683
675 677
675 683
677 679
680 686
674 679
682 686
692 695
687 689
690 696
687 688
687 691
693 696
692 694
691 693
688 690
692 696
697 704
703 704
698 703
701 710
702 710
700 704
707 708
705 706
698 709
699 707
702 703
697 703
702 706
699 703
700 709
715 721
713 723
714 717
715 722
714 715
715 720
716 723
713 722
712 715
711 719
718 721
711 722
732 737
727 736
724 727
733 737
730 733
733 734
725 733
729 736
726 736
732 736
724 725
725 735
728 736
729 731
747 750
739 749
741 744
749 750
742 749
741 746
740 750
745 746
749 752
744 752
738 750
749 751
740 748
748 749
743 749
742 747
754 757
754 756
755 758
754 758
753 754
761 766
760 764
761 765
762 764
762 763
759 760
762 766
772 775
775 776
770 776
768 769
770 773
768 771
769 776
768 774
770 777
772 773
767 776
774 776
784 785
778 783
783 787
782 785
779 787
778 781
782 787
780 786
780 783
790 796
788 794
793 797
790 799
790 792
792 794
791 797
798 799
793 799
795 799
789 792
792 799
788 791
800 804
802 806
801 804
800 803
801 806
803 806
801 805
801 802
800 801
807 811
807 814
813 814
811 814
808 810
810 811
811 812
809 810
816 818
815 827
818 829
824 829
819 828
818 819
815 820
820 829
818 822
819 823
826 828
823 825
821 828
819 830
817 824
815 821
836 840
836 837
832 840
834 839
835 839
836 839
831 838
834 838
837 839
835 841
835 840
833 840
845 846
842 843
843 852
843 846
842 849
846 848
843 844
844 850
842 851
845 847
847 849
858 863
854 868
854 862
856 865
853 859
864 867
855 867
855 857
853 858
861 867
855 860
853 854
853 867
855 866
855 856
776 776
4 5
2 5
3 5
1 5
9 10
8 10
7 9
6 10
7 8
11 13
12 13
15 16
13 15
14 15
18 22
19 22
17 21
18 21
19 21
20 21
25 29
26 27
24 26
23 29
23 25
27 28
25 26
30 31
32 37
34 36
33 39
35 36
33 35
33 38
36 38
34 37
45 46
40 42
40 45
41 45
46 48
47 48
41 44
43 48
55 57
53 56
50 52
50 55
53 54
52 55
50 54
53 55
51 55
52 54
49 56
49 53
52 56
60 63
65 66
64 69
62 68
58 62
59 67
66 70
60 62
64 71
66 67
58 61
66 69
59 68
73 75
77 79
72 77
80 81
77 78
79 80
72 80
76 80
74 79
73 82
78 82
74 82
83 88
85 91
84 87
89 90
87 89
83 93
86 87
90 92
87 88
89 91
84 85
97 101
94 96
95 96
96 100
94 99
94 102
94 98
100 101
105 110
104 107
109 113
107 110
103 104
111 112
106 109
108 111
106 108
109 110
104 110
117 120
114 117
116 119
116 118
115 117
120 121
116 121
115 120
124 127
123 126
122 124
122 127
122 126
122 125
129 133
132 133
128 130
129 130
131 133
128 129
129 132
134 135
141 143
137 142
139 142
136 139
139 141
136 138
138 143
138 140
144 145
144 146
148 153
151 152
147 152
147 149
147 148
151 153
148 150
154 155
154 158
155 158
157 158
156 157
155 156
159 161
162 163
159 163
159 160
165 171
165 168
167 168
165 167
166 167
165 170
164 167
169 170
173 175
175 177
172 177
175 176
173 177
172 176
174 176
176 178
177 178
179 181
180 182
180 183
181 183
187 190
184 186
185 187
184 185
187 188
186 189
193 195
191 193
192 193
192 196
193 197
194 195
201 203
200 201
198 200
199 200
201 202
198 202
199 202
202 203
198 201
208 209
204 206
204 209
205 208
206 208
207 208
205 209
210 213
211 213
212 213
211 212
210 211
214 217
214 218
215 218
216 217
220 222
221 222
223 225
219 222
219 225
220 224
222 224
229 235
227 232
227 235
231 233
228 229
230 231
232 234
231 232
226 227
229 236
229 232
238 242
237 238
239 241
238 240
239 240
244 245
243 248
246 250
247 249
243 249
245 246
244 249
255 257
253 254
252 257
252 254
254 256
251 252
251 255
261 268
263 264
258 264
260 261
260 267
264 268
259 263
262 265
261 263
265 266
262 268
270 274
273 275
272 273
276 277
271 277
273 277
269 276
275 276
270 276
274 275
270 272
282 284
279 280
282 283
281 282
278 283
280 284
279 281
283 285
288 289
286 289
289 290
287 289
286 291
287 291
288 290
292 296
293 296
293 295
294 295
292 295
295 297
298 303
299 303
298 299
302 303
300 301
298 301
300 303
301 303
306 307
306 310
306 309
307 308
304 305
305 307
306 311
312 315
315 316
313 315
313 314
312 314
320 323
321 323
317 325
323 326
320 322
317 318
320 324
318 320
318 323
318 319
330 332
328 329
330 331
329 334
329 333
327 334
327 330
338 341
335 339
337 341
338 340
339 341
336 337
337 340
335 340
342 345
343 344
342 348
344 348
342 347
345 346
343 345
354 355
350 354
353 354
349 354
351 353
350 352
357 359
358 359
356 359
361 362
360 364
368 370
362 363
366 367
365 366
364 369
361 366
360 369
366 369
362 368
364 365
371 376
376 377
371 375
374 375
371 374
372 374
373 375
383 385
384 385
378 382
379 385
380 385
381 385
382 385
387 390
388 389
388 391
387 388
386 391
393 396
394 395
392 396
395 396
397 399
398 399
397 398
401 403
404 405
400 401
402 405
403 405
402 404
407 408
407 409
406 407
410 413
412 414
411 412
413 414
410 411
411 414
416 418
415 416
415 419
419 421
415 417
415 420
425 426
422 428
422 427
429 431
422 424
426 433
425 431
423 430
422 423
426 432
424 429
423 432
425 429
422 425
434 435
434 436
435 436
439 441
440 441
438 440
438 442
439 442
437 439
443 447
447 450
449 450
447 449
445 450
443 449
445 446
446 450
444 450
447 448
453 454
451 456
453 456
451 455
451 452
458 461
457 460
457 459
458 459
460 461
459 460
463 467
462 464
462 463
462 466
463 466
462 465
468 469
468 475
471 472
468 471
473 475
470 472
474 475
470 475
478 479
476 478
477 478
479 480
483 489
482 483
481 486
483 488
484 492
482 486
484 488
490 492
483 485
483 487
482 491
487 490
495 496
497 498
493 498
494 498
495 498
495 497
499 500
502 512
506 508
505 511
509 510
505 507
506 507
504 506
507 511
503 507
509 512
506 509
501 509
513 517
516 518
515 518
513 516
514 515
522 525
519 522
522 524
521 527
522 523
520 523
524 527
519 523
519 526
521 522
530 531
528 529
528 530
529 530
534 537
533 534
532 536
535 538
532 535
534 535
543 548
543 547
542 550
545 547
546 547
541 547
540 550
544 549
544 546
545 549
539 541
539 550
542 547
553 555
553 554
551 552
555 556
553 557
551 555
552 553
553 556
551 557
562 564
558 566
562 567
560 566
560 562
560 565
563 564
559 567
561 564
563 566
574 576
568 574
574 575
569 575
570 574
571 574
572 574
570 573
569 571
580 582
581 586
577 586
584 587
577 578
582 584
584 586
579 587
585 586
582 583
589 594
592 595
589 591
597 598
593 595
593 598
590 595
589 592
590 597
593 596
588 593
602 605
604 605
600 605
599 601
601 603
601 605
607 609
606 607
607 608
606 609
608 609
610 617
611 612
612 615
616 617
613 616
614 616
615 616
612 613
623 625
618 624
620 621
622 626
619 624
619 621
619 627
625 626
620 625
621 625
630 631
628 634
629 632
632 633
628 633
631 632
635 637
635 638
636 639
635 636
643 650
644 647
640 645
641 649
645 647
642 649
647 651
646 648
643 648
648 651
649 651
642 644
650 651
657 661
656 659
657 660
653 659
655 656
653 658
652 661
654 658
655 658
653 657
662 667
663 666
664 666
662 663
662 665
670 673
668 672
670 672
669 670
670 675
668 674
671 675
670 674
671 674
677 679
676 677
676 680
677 678
681 683
682 683
683 684
681 682
685 688
688 689
686 688
687 688
685 687
686 687
690 693
691 692
690 692
696 698
695 696
694 698
698 699
697 699
703 705
703 704
700 704
700 701
702 703
701 702
707 709
706 711
708 710
708 709
706 708
712 717
713 717
714 717
712 713
714 716
713 718
712 718
715 718
722 723
720 724
722 726
719 722
721 725
721 722
720 722
729 730
728 729
727 730
728 730
732 735
731 735
732 733
734 735
738 746
744 747
739 746
739 742
736 746
740 746
738 747
737 745
739 741
736 744
737 738
740 745
738 743
748 752
752 753
749 750
749 756
748 754
752 755
750 754
751 754
752 754
753 754
748 749
763 766
760 768
759 766
758 769
763 765
758 762
759 762
757 761
759 761
758 764
759 764
758 767
759 767
757 760
757 766
772 775
775 776
770 775
771 775
772 774
772 773
231 230
2 4
1 2
1 3
5 6
5 7
9 10
10 11
8 9
9 11
8 11
13 14
13 17
15 17
12 14
12 15
13 15
16 17
18 20
19 20
21 22
18 19
20 22
18 21
20 21
23 27
27 31
25 29
24 27
32 34
25 28
26 33
27 33
28 32
23 28
27 32
27 35
33 34
30 31
36 37
38 42
41 43
41 42
40 44
39 42
38 40
39 44
45 49
46 49
50 51
48 51
49 50
45 47
47 50
53 56
54 55
55 56
54 57
53 54
52 57
63 64
58 59
58 65
61 65
58 62
61 64
60 64
68 69
69 71
66 67
68 70
66 69
72 73
74 75
72 76
73 74
75 76
74 76
80 81
78 80
77 78
79 80
77 80
79 82
84 87
85 87
83 86
86 87
90 91
88 90
89 90
88 92
90 92
97 101
94 100
93 94
95 96
99 102
95 99
94 98
99 101
98 99
95 101
98 102
104 107
104 106
103 104
105 106
104 108
103 108
110 114
111 113
110 111
112 113
109 112
110 113
113 114
119 121
117 120
118 120
116 119
115 118
117 118
116 120
122 126
123 125
123 126
124 125
129 130
127 129
127 131
132 134
127 134
133 134
128 134
129 134
136 137
138 139
135 136
144 145
140 145
136 139
142 144
138 141
139 143
141 144
136 144
146 148
147 148
146 147
150 155
150 154
149 153
150 153
151 153
152 153
156 160
157 160
158 159
156 159
157 159
163 164
161 164
162 164
165 166
163 166
161 163
164 166
169 172
167 171
168 170
168 169
167 172
174 178
175 177
177 180
174 181
173 174
175 176
174 177
176 178
175 181
174 179
183 184
183 186
182 185
183 185
184 187
189 190
188 189
191 193
195 197
191 195
192 195
192 197
193 196
194 195
191 194
198 199
200 202
199 200
200 201
203 205
204 205
203 204
207 208
208 209
206 207
206 208
211 217
210 216
214 217
212 216
213 215
214 215
213 216
222 223
219 220
220 225
219 222
219 225
222 224
218 221
221 224
227 229
226 228
229 230
226 231
226 227
228 231
228 230
228 227
1 2
1 5
2 3
4 5
2 5
9 10
10 11
6 11
6 8
8 10
7 9
6 7
8 9
6 10
7 11
8 11
12 17
13 17
12 16
15 17
15 16
12 14
18 21
19 21
18 19
18 20
23 27
22 27
23 26
23 24
25 26
30 32
31 32
28 30
29 30
33 34
33 35
38 40
37 38
38 39
36 38
42 43
42 44
41 43
45 52
47 49
51 53
45 48
49 50
53 54
49 53
50 53
46 50
45 53
55 57
57 58
56 58
60 63
61 62
63 64
59 61
59 64
62 64
61 63
62 63
65 66
67 68
66 67
66 69
67 69
73 75
72 73
74 75
71 74
72 75
73 74
70 75
76 77
82 84
83 84
81 85
79 83
81 83
78 79
80 82
86 88
87 89
88 89
86 89
87 88
92 97
90 95
92 96
95 96
93 97
90 93
90 92
90 98
92 94
91 98
97 98
99 100
103 104
101 103
102 103
100 102
107 110
110 111
108 109
105 109
109 111
106 108
109 110
107 111
113 115
112 113
113 114
116 117
120 122
119 120
121 122
118 119
118 122
119 122
118 121
123 124
123 125
124 126
128 130
127 133
128 129
129 132
127 128
131 132
130 133
134 135
134 136
135 136
137 139
137 138
140 141
140 142
141 142
143 145
143 146
143 144
147 149
148 149
147 148
149 150
147 150
148 150
152 155
151 153
151 154
151 155
158 161
156 158
159 160
156 157
157 160
158 159
164 165
166 167
162 167
164 167
162 166
162 163
168 171
169 170
171 172
168 169
170 171
173 178
174 175
173 174
173 177
174 177
174 176
176 178
179 181
179 180
182 183
182 184
183 184
187 190
188 190
189 190
186 190
187 189
185 189
186 189
192 194
191 192
191 193
191 194
198 199
196 198
195 197
195 198
201 206
204 206
200 205
203 205
200 202
203 204
200 204
207 209
207 210
208 210
211 217
215 216
211 216
211 219
215 218
211 212
213 214
211 215
213 217
222 223
220 221
220 223
221 222
224 225
226 227
226 228
227 228
479 479
2 4
1 2
3 4
1 4
2 3
1 3
6 7
6 8
5 9
5 8
11 12
13 14
11 14
12 13
15 17
15 16
16 18
17 18
15 18
16 17
20 23
21 22
22 23
19 22
20 22
21 23
24 25
26 30
26 27
30 32
28 32
31 32
26 32
28 31
29 31
28 30
34 36
33 35
33 37
33 34
34 37
38 40
39 40
38 39
42 43
41 42
41 43
44 45
46 48
47 48
50 51
49 50
49 51
52 53
52 54
53 54
55 57
55 58
56 58
55 56
61 62
59 61
60 62
59 60
60 61
59 62
64 66
65 66
63 64
63 66
63 65
67 68
70 71
69 70
69 71
72 73
75 77
74 75
76 78
77 78
75 76
76 77
75 78
79 80
79 81
80 81
82 83
84 88
86 88
85 87
86 87
85 86
84 85
89 94
90 94
89 90
90 93
90 92
91 92
96 102
96 101
97 101
98 101
99 100
99 102
96 99
99 101
97 102
98 102
103 104
106 108
105 107
105 108
105 109
110 111
113 116
114 117
115 116
113 115
113 117
113 114
115 117
116 117
118 120
118 121
120 121
119 120
122 123
125 126
124 125
128 130
127 128
129 130
128 129
132 133
131 132
131 133
134 135
134 136
135 136
137 139
138 139
138 140
137 138
145 146
141 143
141 146
143 146
141 142
142 143
141 144
144 146
143 144
147 149
148 149
149 150
147 150
148 150
151 152
153 154
151 154
152 154
151 153
152 153
155 158
156 158
157 158
156 157
155 156
161 163
160 161
162 163
160 163
165 167
164 165
166 167
165 166
164 167
164 166
169 170
168 169
168 170
172 174
171 172
173 174
171 174
175 176
179 180
177 178
177 179
182 183
184 185
186 187
188 189
191 192
190 191
190 192
194 197
195 197
193 197
195 196
194 195
196 197
201 203
200 201
202 204
201 202
200 202
203 204
200 204
205 206
208 209
210 211
213 214
212 214
216 218
215 218
216 217
222 223
219 220
219 223
220 222
221 222
219 222
220 223
219 221
221 223
226 227
224 226
225 227
227 228
231 232
229 230
229 231
230 231
236 238
234 237
237 238
236 237
234 236
235 237
239 242
240 242
239 241
240 241
239 240
241 242
244 248
247 248
244 245
246 247
243 247
245 247
243 249
250 251
253 255
255 257
252 255
253 254
253 257
253 256
256 257
252 254
258 259
260 262
261 262
260 261
264 265
266 267
269 271
269 270
269 272
268 270
268 273
271 272
274 275
276 277
278 281
278 280
281 282
279 281
280 281
283 284
285 286
288 289
288 290
289 290
291 292
295 296
294 296
293 295
294 295
293 294
297 299
298 299
297 300
298 300
301 302
304 306
303 305
304 305
303 304
305 306
307 308
309 310
312 315
311 313
313 315
311 312
311 315
311 314
317 318
316 317
316 318
319 320
321 322
323 324
326 328
325 328
326 327
327 328
325 327
325 326
329 332
330 332
331 332
329 331
330 331
329 330
333 335
333 336
334 335
335 336
337 338
337 339
338 339
341 342
340 341
340 343
341 343
342 343
340 342
345 346
347 348
347 351
349 351
347 350
348 350
349 350
352 353
352 354
353 354
355 357
356 357
355 356
359 360
359 361
358 360
358 361
363 364
362 363
362 365
363 365
364 365
362 364
366 367
370 371
368 370
369 370
368 369
368 371
369 371
372 373
374 375
376 377
374 377
374 378
379 380
380 382
381 382
379 382
379 381
380 381
383 384
383 386
385 386
384 386
387 390
388 389
387 389
388 390
387 388
389 390
391 393
391 396
394 396
393 397
395 397
391 394
392 394
398 400
399 400
401 402
400 401
398 402
399 402
398 401
403 406
404 405
403 405
404 406
403 404
405 406
407 408
409 410
409 411
410 411
412 415
413 415
416 417
413 414
413 416
418 419
420 422
421 423
420 421
422 423
420 423
421 422
424 425
427 428
426 427
426 428
430 433
429 431
429 430
429 433
431 433
429 432
434 435
434 437
435 437
436 437
435 436
434 436
438 439
438 440
439 440
443 444
443 445
444 445
442 443
447 448
447 449
448 449
450 451
454 456
455 456
456 457
454 458
455 458
460 461
459 460
459 461
462 463
464 465
466 467
468 469
469 470
468 471
469 472
470 472
468 470
473 474
475 479
475 476
478 479
477 479
476 477
