5
899 899
1 2
4 5
9 10
8 10
7 9
6 7
8 9
11 12
11 13
12 13
15 16
15 17
14 15
16 17
19 20
18 19
18 20
21 22
21 23
22 23
24 27
26 27
24 26
24 25
25 27
25 26
28 29
30 31
28 31
29 30
32 37
32 33
32 36
33 37
33 34
34 37
35 37
38 39
41 43
40 46
41 46
44 45
41 45
42 44
42 43
48 49
47 48
47 49
50 51
50 52
51 52
54 55
53 54
57 58
56 57
56 58
60 63
59 62
60 61
60 62
64 65
66 68
66 69
67 68
72 73
70 73
71 73
70 72
71 72
75 76
74 75
74 76
78 79
78 80
77 78
83 84
81 85
82 86
85 86
81 86
84 86
81 83
84 85
87 90
89 90
89 93
87 92
88 92
90 92
88 91
89 91
96 97
94 99
96 99
94 98
97 99
94 95
96 98
101 102
100 102
104 106
103 104
105 106
103 106
104 105
103 105
108 109
107 109
108 110
107 108
109 110
112 114
111 113
112 113
112 116
111 115
114 116
119 121
120 122
117 123
118 119
117 122
118 122
120 124
119 122
120 121
117 124
118 121
125 126
127 129
128 129
130 131
131 132
130 133
131 133
136 137
134 136
135 136
134 138
141 143
139 142
140 142
141 142
140 141
139 140
140 143
146 148
145 146
146 147
147 148
145 147
150 152
149 151
151 154
150 151
152 154
150 153
157 158
156 157
155 156
159 161
160 161
163 164
165 166
164 165
164 166
167 168
167 169
168 169
170 172
171 172
170 171
173 174
175 176
175 177
178 181
179 180
178 180
179 181
178 179
180 181
182 183
182 184
183 184
185 186
187 188
189 191
190 191
191 192
189 192
190 192
194 195
196 197
198 199
200 201
200 202
201 202
205 206
204 205
204 206
203 204
208 212
211 212
207 209
209 211
210 211
207 212
207 208
214 217
215 217
213 216
213 217
218 220
220 222
219 222
218 219
219 221
224 225
223 224
223 225
226 227
228 232
228 229
230 231
231 232
228 231
228 230
233 234
233 235
234 235
238 239
237 238
236 237
237 240
238 240
237 239
242 243
241 242
241 243
244 245
244 246
247 249
248 249
247 248
251 254
250 253
251 253
252 254
250 252
252 253
251 255
256 259
257 259
256 258
257 258
256 257
258 259
262 263
260 263
261 263
265 268
265 267
266 267
266 270
267 269
268 270
268 269
271 272
271 273
272 273
275 276
274 275
274 276
277 278
277 279
278 279
280 282
280 283
281 283
288 293
284 286
285 291
290 294
284 292
285 287
285 293
291 292
286 292
285 286
287 288
285 289
293 294
299 300
295 302
296 302
299 302
298 299
300 301
297 302
295 301
298 301
299 301
304 305
303 304
303 305
306 307
308 312
308 309
310 312
311 312
308 311
309 311
310 311
313 316
315 316
313 314
313 317
314 317
318 322
319 322
321 322
320 321
318 320
323 324
326 328
325 328
326 327
327 328
325 327
325 326
330 331
329 331
333 335
334 335
333 334
337 339
336 337
338 339
341 342
340 341
340 342
343 344
345 347
346 347
348 349
346 349
345 348
350 351
352 354
353 354
355 356
354 356
352 356
353 356
357 361
359 361
360 361
358 360
363 364
362 363
362 364
365 366
365 367
366 367
368 369
370 371
372 373
371 372
370 372
372 374
371 373
375 377
376 378
375 376
375 378
376 377
379 380
381 382
384 387
383 386
385 386
383 385
385 388
383 387
386 388
383 384
385 387
389 390
389 391
390 391
392 393
394 396
395 396
397 399
397 400
400 401
398 401
403 404
402 403
402 404
407 409
406 407
408 409
405 408
405 407
405 409
410 413
411 413
410 412
411 412
410 411
412 413
416 417
415 416
415 417
418 419
418 420
419 420
421 423
422 423
421 422
425 426
424 425
426 427
424 427
427 428
425 427
429 430
429 431
430 431
439 441
433 438
436 441
437 441
438 440
433 440
434 440
435 440
432 440
432 436
442 446
443 446
442 444
442 445
449 450
447 449
447 451
447 448
451 452
449 451
448 449
453 454
453 455
454 455
457 461
456 462
458 460
461 462
460 462
458 462
460 461
459 460
463 466
463 467
465 466
464 467
469 470
468 469
468 470
473 475
471 472
471 473
474 475
476 477
476 478
477 478
480 481
482 483
481 482
479 481
484 485
487 489
486 487
487 488
486 488
487 490
486 490
492 494
491 492
493 494
492 493
491 494
495 496
497 498
499 503
500 503
499 501
499 502
504 505
505 507
506 507
504 506
505 506
508 509
511 512
510 512
513 514
513 515
514 515
516 517
516 518
521 522
519 520
519 521
523 525
524 525
523 524
525 526
523 526
528 530
527 528
529 530
527 530
528 529
531 532
531 533
532 533
534 535
534 536
537 538
537 539
540 541
542 543
540 543
541 543
540 542
541 542
544 545
544 546
545 546
547 550
549 550
547 549
548 550
547 548
548 549
551 552
551 553
552 553
556 559
555 557
554 556
554 559
555 559
556 558
556 557
554 558
560 561
562 563
566 567
565 566
565 567
572 573
568 571
569 572
570 571
568 573
570 573
575 576
574 576
574 575
575 577
576 577
574 577
579 580
579 581
578 580
578 581
582 584
583 584
585 586
585 587
586 587
591 593
590 592
589 590
592 593
588 590
594 595
596 597
594 597
595 596
603 605
600 602
602 604
599 601
603 604
600 601
599 604
600 603
598 600
606 608
607 608
611 615
611 612
610 613
613 614
609 614
612 614
610 612
614 615
617 619
616 618
616 617
618 619
616 619
620 621
620 622
624 625
623 627
624 627
627 628
624 626
631 634
629 630
633 634
629 632
631 635
629 634
636 637
640 641
638 640
641 642
639 641
638 641
643 644
645 646
645 647
646 647
648 650
649 650
648 651
649 651
650 651
652 656
652 655
655 656
654 657
652 657
656 657
653 654
655 657
658 659
660 661
660 662
661 662
663 664
665 669
666 669
665 668
666 668
665 667
667 669
666 667
670 672
671 672
670 671
673 676
674 675
674 678
673 675
676 677
674 676
679 682
680 682
679 681
680 681
679 680
683 686
684 685
685 687
686 687
684 686
683 684
688 692
691 692
689 691
690 691
688 690
689 692
693 694
693 695
694 695
698 700
696 701
696 700
699 701
697 700
698 699
698 701
697 699
704 705
703 704
705 706
704 706
702 706
703 706
708 711
707 709
707 711
708 710
708 709
707 710
710 711
712 714
713 714
712 713
715 716
715 717
716 717
718 719
718 720
719 720
722 723
724 727
722 726
725 727
723 726
724 726
725 726
729 730
728 731
729 731
728 729
730 731
732 733
734 736
735 736
734 735
740 741
738 742
738 739
741 742
737 739
737 742
739 740
743 745
744 745
743 744
746 749
749 750
747 749
750 751
748 750
747 748
752 755
753 754
754 755
756 758
757 758
756 757
760 761
764 765
763 765
762 764
763 764
762 763
767 769
766 769
766 768
770 771
768 770
766 770
772 775
773 775
774 775
776 778
777 778
778 779
776 777
776 779
781 782
784 785
783 784
783 785
786 787
786 788
789 791
790 791
789 790
793 794
792 795
792 794
792 793
793 795
794 795
796 797
798 800
799 801
798 799
799 800
798 801
800 801
804 805
802 809
802 807
804 807
805 809
806 809
803 805
807 808
810 811
810 812
811 812
813 814
815 817
816 817
815 816
818 821
818 820
818 819
819 821
819 820
820 821
822 826
825 826
823 825
824 825
822 824
823 824
827 830
828 830
827 828
827 829
831 833
832 834
831 832
832 833
831 834
836 837
838 839
836 839
837 839
836 838
840 841
843 844
842 843
845 846
847 850
848 849
849 850
847 848
851 852
852 854
853 854
852 855
851 853
856 857
856 858
857 858
859 860
859 861
863 865
864 866
865 866
863 866
862 863
864 865
867 872
868 872
867 871
869 870
870 871
868 870
867 869
873 874
877 878
875 878
876 877
875 877
876 878
875 876
879 880
879 881
880 881
882 883
884 885
887 888
887 889
888 889
890 891
890 892
891 892
894 895
895 896
893 895
897 899
898 899
897 898
895 894
33 54
16 111
100 101
26 60
6 57
9 90
67 107
18 65
47 55
39 81
34 85
41 81
49 73
4 59
2 25
1 90
16 42
30 59
53 91
38 39
31 33
29 45
55 100
53 112
58 108
26 82
39 76
2 36
65 104
25 102
19 61
86 90
28 82
97 99
41 94
69 110
93 95
41 103
7 80
85 100
8 45
10 106
42 56
21 82
38 98
14 21
104 107
26 68
25 70
19 84
78 106
52 96
26 77
17 41
11 34
82 85
76 108
60 66
12 26
13 110
15 52
27 81
29 72
25 99
5 68
34 43
32 45
41 57
35 105
26 111
36 88
20 110
85 99
65 96
20 82
46 110
30 65
27 87
11 79
83 95
74 110
35 91
64 81
52 61
95 96
78 80
1 52
50 82
45 95
34 104
75 84
23 55
25 37
84 89
22 95
51 76
3 36
46 71
100 106
31 61
4 62
26 92
25 39
44 107
53 85
22 24
63 96
16 109
48 61
49 60
40 57
177 181
114 207
116 171
125 183
156 170
167 194
187 206
144 198
162 188
180 203
162 197
136 178
121 190
113 131
150 180
156 165
147 162
195 196
114 122
129 205
114 204
202 210
117 206
142 205
134 201
123 173
129 189
141 154
115 196
170 196
118 158
179 208
119 132
119 196
116 179
162 176
123 175
135 149
131 197
167 193
159 189
127 172
116 117
156 162
148 179
175 206
191 211
115 182
140 147
153 175
120 126
117 203
143 203
165 185
124 144
168 211
167 188
159 184
129 161
147 209
146 156
155 189
174 202
160 191
170 177
152 180
117 189
119 186
128 134
139 198
157 188
116 144
172 176
116 162
117 191
145 207
128 200
166 193
183 209
151 183
127 192
118 189
133 162
163 197
154 203
120 180
121 209
202 206
150 199
130 175
134 209
137 180
125 169
138 163
116 178
135 191
164 181
170 185
114 134
222 268
231 301
224 250
212 315
232 263
226 253
297 304
217 229
228 314
218 291
291 306
228 268
272 302
247 257
254 305
221 302
214 241
289 308
251 300
254 262
234 293
220 248
239 261
308 315
290 309
278 283
213 291
214 298
288 312
297 299
226 312
290 293
271 298
266 311
220 268
268 317
215 244
215 308
245 254
255 283
231 291
238 251
221 308
233 282
228 295
223 262
283 313
261 273
243 301
249 317
281 294
294 297
239 242
277 290
259 278
217 251
276 278
264 285
245 290
218 260
258 281
291 293
240 293
227 247
246 300
279 312
277 278
220 235
237 251
267 286
221 264
232 282
244 256
290 308
280 307
279 287
244 265
250 315
281 293
219 293
286 292
215 268
252 262
218 239
290 310
270 277
263 293
281 286
273 303
231 251
215 298
250 274
249 284
275 312
217 225
251 266
236 256
217 316
230 310
221 307
220 296
213 312
269 298
247 298
216 301
365 399
394 435
345 430
346 395
380 427
346 404
357 404
377 446
424 442
330 435
398 441
397 443
426 451
374 413
432 439
332 416
390 403
388 415
319 452
389 425
428 441
321 345
327 358
350 424
341 366
324 414
324 359
356 366
391 406
349 400
325 363
322 346
324 416
378 451
325 445
384 415
429 447
326 407
358 405
386 421
322 449
350 410
406 408
342 372
325 365
427 449
352 425
351 411
319 440
374 449
329 426
353 420
401 451
344 426
397 408
352 418
361 451
407 418
325 431
340 410
320 416
347 354
444 451
390 395
353 376
348 352
365 432
349 381
354 432
323 426
338 369
321 328
375 427
321 456
352 404
322 455
361 382
339 379
371 402
419 451
360 438
322 430
430 454
353 362
371 432
327 343
346 451
366 392
335 441
377 456
386 404
355 435
352 445
393 437
367 418
327 345
350 411
422 427
353 437
336 430
343 454
360 433
406 430
338 412
321 435
360 451
322 434
349 451
352 383
350 395
365 450
380 423
385 416
408 448
346 409
384 393
372 373
369 438
364 396
352 440
365 370
387 437
334 401
396 449
365 379
333 390
337 445
318 322
366 371
384 441
384 404
350 436
366 453
379 417
404 416
322 429
342 343
368 371
331 349
471 573
499 534
475 561
506 539
537 554
526 554
496 577
469 538
470 512
462 563
528 535
510 551
523 548
502 580
498 503
501 566
531 546
508 553
517 565
463 475
520 561
466 535
512 532
489 512
467 509
524 570
483 578
496 572
497 516
525 559
523 525
498 544
541 579
540 559
469 517
496 501
476 477
536 546
495 554
498 571
460 499
542 550
525 552
463 479
508 575
491 568
472 500
506 529
458 574
505 506
558 576
499 563
463 573
480 504
551 555
508 550
527 563
530 544
458 512
504 543
481 495
527 547
463 511
522 542
457 513
474 529
472 477
494 541
467 563
487 575
504 545
514 577
463 568
490 564
484 490
517 557
463 531
522 556
459 497
535 556
482 528
518 549
478 494
529 542
564 573
461 505
498 554
472 502
503 507
489 554
501 519
478 496
513 527
522 569
468 568
472 577
461 473
483 540
492 552
544 562
488 502
483 570
465 509
521 563
510 563
507 518
472 533
496 527
485 506
542 558
476 567
485 515
463 478
463 542
514 560
459 505
496 554
517 522
464 495
486 525
543 568
467 493
552 561
622 678
631 674
600 613
589 592
586 623
652 669
583 679
608 626
602 622
586 671
606 656
584 653
603 620
593 658
621 674
588 616
605 641
653 660
609 629
604 642
590 661
600 638
654 673
618 662
606 642
594 640
651 674
600 665
619 678
639 657
594 667
623 648
640 664
604 644
622 659
625 630
613 674
647 654
623 632
601 611
610 623
639 659
593 655
668 676
620 663
600 660
599 606
599 615
628 651
654 670
591 632
594 655
650 675
614 664
610 627
617 628
582 640
597 604
582 585
637 640
590 662
588 610
583 678
620 642
674 677
634 641
620 651
595 679
597 643
625 659
587 620
605 674
582 651
598 607
589 620
603 646
596 662
599 624
622 626
613 623
586 669
581 603
582 635
603 612
598 618
597 629
625 645
598 636
660 676
649 666
640 672
618 651
598 675
621 622
642 654
633 651
597 658
611 620
623 649
698 771
725 727
733 740
730 787
769 779
734 757
708 747
715 734
718 733
738 745
693 722
710 738
699 774
697 740
682 730
686 746
699 703
693 788
707 716
771 783
683 743
689 738
732 736
727 731
711 777
698 759
692 773
710 733
721 763
709 773
681 702
687 779
748 765
685 745
754 762
706 722
734 738
707 741
696 784
744 787
690 761
689 708
699 782
730 791
693 705
750 757
730 763
711 731
698 722
692 736
772 790
711 758
713 777
738 776
747 754
749 751
733 782
734 781
709 745
746 764
710 744
691 709
729 757
770 785
744 775
696 790
700 772
683 710
695 739
682 754
698 717
745 767
711 744
724 781
751 765
684 754
722 738
752 757
711 719
711 783
780 782
703 779
737 756
720 749
712 745
710 766
768 783
690 726
707 742
690 735
690 744
720 779
688 756
728 746
698 785
690 765
707 790
683 753
694 753
700 778
698 760
728 739
680 754
710 789
701 786
704 766
688 724
722 790
702 787
714 752
683 755
723 773
728 787
701 715
804 892
809 867
841 865
806 819
813 876
839 895
814 829
828 846
800 848
820 881
812 886
850 870
858 883
797 809
816 840
833 890
810 873
806 887
833 883
794 833
796 830
830 862
814 854
800 864
837 858
851 866
827 866
818 863
810 859
803 853
810 868
875 878
802 882
797 806
845 889
817 818
829 856
857 881
826 857
804 884
795 869
817 875
814 867
858 894
792 793
821 872
870 886
796 882
861 883
815 831
804 895
836 872
826 871
811 882
807 845
826 880
803 823
866 870
864 882
832 877
866 879
824 827
831 842
831 860
796 838
835 851
846 860
832 870
847 877
793 796
813 893
803 809
801 821
845 888
803 891
822 871
831 883
852 878
835 855
841 868
793 883
796 799
822 827
796 808
843 859
819 874
801 871
798 799
841 870
803 831
878 889
793 885
831 878
795 836
825 837
834 840
831 841
805 822
799 836
805 895
837 893
815 844
849 885
834 842
531 531
4 6
14 16
8 9
8 21
16 19
15 17
7 19
4 8
5 9
3 15
8 11
11 13
1 20
7 12
6 19
7 18
3 5
4 13
5 14
5 20
8 19
2 18
1 10
33 36
24 27
26 30
23 28
29 38
28 33
25 31
26 29
35 38
25 37
22 28
22 37
32 38
26 28
29 30
22 24
22 39
37 40
30 34
43 50
45 46
42 48
43 49
41 45
42 50
46 47
45 50
43 44
51 60
52 53
54 55
54 61
56 61
55 59
54 57
55 58
54 60
53 54
56 60
64 72
67 72
63 74
70 74
67 71
70 78
70 73
74 77
67 74
66 67
66 73
69 74
65 68
62 67
65 67
62 76
66 75
79 88
83 87
81 88
83 90
85 87
84 90
87 89
88 89
83 86
79 89
80 89
82 85
93 98
92 96
94 100
98 100
96 100
93 97
91 96
96 99
95 98
105 107
107 113
108 118
113 117
104 108
112 115
113 114
109 119
105 106
101 108
103 114
114 120
111 112
102 115
108 110
116 120
108 119
112 113
109 117
125 128
135 141
126 132
126 135
121 136
122 131
137 138
135 140
134 142
130 132
123 129
123 135
124 133
125 126
127 129
135 136
126 133
135 139
125 138
132 134
131 132
146 148
154 164
147 152
147 161
152 154
144 147
157 162
145 154
147 160
150 156
147 163
144 149
144 155
153 164
143 159
148 152
151 154
158 163
157 161
150 158
158 159
167 178
168 172
166 171
171 174
168 171
171 180
172 173
165 170
171 176
170 179
169 177
172 176
175 178
170 178
168 169
170 171
184 196
190 191
187 193
191 192
187 196
189 193
183 193
191 195
181 190
188 192
183 186
191 194
184 194
185 195
187 191
181 182
201 203
201 206
199 202
208 211
207 209
197 201
206 210
197 207
209 213
209 212
199 204
205 208
197 200
200 205
200 208
211 214
207 213
198 204
197 202
200 204
218 220
216 226
224 228
215 219
225 228
216 219
221 228
218 219
216 222
219 225
226 227
223 228
224 226
216 217
234 238
230 238
235 236
231 233
231 232
231 235
229 233
231 238
231 237
239 249
245 249
240 249
242 245
244 248
243 244
243 247
242 246
241 243
242 243
261 265
254 255
251 257
259 264
258 260
259 263
254 257
250 259
256 257
254 265
263 265
258 265
252 263
252 253
260 265
259 262
270 281
266 274
275 280
268 274
269 279
269 282
270 274
270 283
266 279
267 278
266 276
269 275
274 277
271 284
278 283
266 275
269 271
266 278
273 274
272 282
272 279
274 282
279 284
295 297
291 293
290 291
287 297
288 289
291 296
285 290
297 298
294 295
290 299
288 297
289 292
291 294
286 294
288 296
289 291
307 316
301 309
312 315
303 306
311 313
303 309
303 315
305 311
302 309
307 311
309 314
303 311
300 307
306 308
303 304
309 310
320 329
320 322
323 329
321 328
327 328
318 324
319 327
317 326
325 327
320 327
317 329
323 324
323 327
330 342
334 341
340 341
331 332
333 337
333 343
333 340
336 340
331 340
333 342
335 341
338 339
339 340
332 343
344 352
350 351
347 348
353 354
345 354
345 350
348 351
348 357
356 358
355 356
351 353
346 353
352 356
349 356
346 352
353 356
368 377
362 373
361 371
370 377
360 366
360 369
359 377
372 374
371 375
362 375
372 376
371 374
371 377
364 371
364 374
366 374
360 367
363 366
365 366
379 380
382 387
379 383
383 386
378 385
384 385
379 385
382 386
381 385
382 385
398 403
393 402
396 403
391 403
388 402
398 400
390 403
392 403
389 393
395 399
389 395
389 394
399 401
391 397
389 403
405 415
415 419
406 416
407 408
408 412
409 417
407 411
405 414
410 418
411 412
415 417
413 417
405 406
404 409
410 414
411 417
423 425
420 432
424 425
426 427
420 425
424 431
427 431
420 428
421 423
422 425
427 430
428 429
423 429
426 428
448 452
443 450
436 438
434 447
439 446
439 452
447 453
440 447
441 448
433 438
435 441
437 441
435 450
451 452
443 448
448 449
441 444
442 449
440 448
438 448
440 445
463 471
466 470
455 473
456 474
455 476
468 473
465 470
456 467
457 466
473 474
462 474
455 459
474 475
457 471
460 473
454 463
458 463
469 475
472 474
461 471
463 474
455 464
480 492
478 486
481 487
491 493
483 492
480 488
480 494
477 480
482 486
479 482
484 485
480 487
486 488
491 494
485 489
484 487
486 490
507 509
497 502
500 502
497 498
497 501
500 508
505 511
496 508
498 499
503 505
500 507
506 507
495 507
500 504
500 510
498 504
495 497
497 505
512 525
517 524
527 531
522 523
517 530
519 527
519 530
520 528
519 526
516 521
514 530
516 527
513 519
512 529
518 530
520 527
522 524
515 530
512 516
732 731
2 3
1 2
1 3
6 8
5 7
4 8
4 7
7 8
10 15
9 16
13 14
13 17
12 16
10 17
13 16
10 13
11 17
19 23
18 20
20 23
21 22
22 23
21 23
20 21
25 26
27 31
25 29
25 32
25 28
24 25
27 32
25 27
28 30
26 31
33 34
33 35
34 35
37 39
37 40
36 37
36 38
41 43
41 42
42 44
41 44
42 43
46 47
45 46
45 47
48 50
50 52
48 49
50 51
49 51
48 51
49 50
53 55
55 56
55 57
54 57
59 60
58 59
58 60
61 62
61 65
64 65
61 64
62 64
62 63
68 69
66 68
66 67
68 70
69 70
66 69
71 73
72 73
71 72
74 75
74 78
76 78
74 77
77 78
75 76
75 79
74 79
75 78
74 76
76 79
80 81
82 83
80 82
84 88
85 88
86 87
84 86
87 88
84 85
90 91
92 93
89 90
91 93
89 93
90 93
89 91
95 97
94 96
94 98
95 98
98 99
97 98
100 103
100 104
101 104
100 102
105 106
108 109
107 108
107 109
113 116
112 114
111 113
111 115
115 117
114 115
110 115
118 119
123 126
121 122
121 125
123 125
123 124
122 125
120 123
130 132
128 129
130 131
127 131
129 131
134 135
134 137
134 136
133 137
135 137
138 139
141 143
140 146
142 148
144 145
140 142
146 147
141 142
143 145
142 147
140 141
143 148
140 144
144 146
150 152
151 152
150 151
150 153
149 152
154 155
156 158
158 160
157 158
158 159
163 164
161 165
162 165
165 167
164 165
162 168
165 166
163 166
163 165
164 166
163 168
170 174
172 173
169 173
169 170
171 172
170 171
176 177
175 176
178 181
179 180
178 183
179 181
178 182
185 188
184 186
184 189
187 189
185 186
191 192
190 191
190 192
193 194
196 198
197 198
195 197
201 203
202 204
199 200
201 202
199 203
203 205
199 201
203 204
202 205
200 204
209 210
206 210
207 209
206 212
210 211
206 208
208 210
213 215
213 214
214 215
215 217
213 216
218 220
218 222
218 219
218 221
219 221
224 225
223 226
225 228
223 225
224 227
229 230
230 231
230 232
234 238
233 236
236 238
234 237
237 238
235 238
234 235
240 242
239 241
243 244
240 241
239 244
241 243
246 248
247 248
246 247
247 250
247 249
251 254
255 256
254 257
251 253
254 256
252 257
262 263
258 263
260 263
261 263
261 262
259 262
265 268
264 265
266 267
264 267
264 269
271 272
270 271
270 272
273 275
275 277
273 278
274 275
276 278
279 280
279 281
280 281
282 284
284 286
283 286
282 289
285 286
287 288
286 288
290 291
292 293
290 293
294 296
291 295
294 295
293 294
298 303
302 303
297 298
300 304
297 301
300 303
299 301
301 303
307 309
305 308
308 309
306 309
307 308
306 308
305 306
310 311
310 312
311 312
313 314
313 315
314 315
316 317
318 321
318 319
320 321
322 324
323 324
322 323
327 329
327 332
326 327
325 331
329 330
325 330
328 330
333 335
333 336
334 335
333 337
338 341
339 341
338 340
343 344
343 345
342 343
342 346
344 346
348 349
348 350
349 350
347 350
352 353
352 354
351 352
351 353
355 356
357 359
356 357
356 359
357 358
361 362
362 363
360 362
364 367
365 366
365 367
364 366
368 370
369 370
369 371
368 371
372 374
373 375
372 375
375 376
379 380
377 380
377 378
377 379
383 386
384 386
385 386
383 385
381 386
381 382
382 386
384 387
388 392
390 392
388 391
389 391
388 390
393 396
394 397
395 396
394 396
393 398
393 394
396 397
404 405
400 405
401 405
402 405
400 404
399 402
403 404
406 407
407 411
406 409
406 408
410 411
412 415
413 415
414 416
413 414
412 416
417 420
418 419
418 420
417 419
421 423
422 423
421 422
427 429
426 427
425 428
424 427
425 429
426 428
430 436
432 434
435 436
433 436
431 433
432 433
438 439
437 438
437 439
440 441
441 444
440 443
442 444
441 442
440 445
446 448
447 450
448 451
449 450
447 449
448 449
450 451
452 454
452 453
454 455
452 455
453 455
458 460
456 461
461 462
459 461
458 459
460 461
457 458
459 460
464 466
465 467
464 465
463 466
466 467
469 470
470 471
468 469
472 473
474 476
474 477
475 477
480 481
480 482
479 480
478 481
483 486
486 487
484 486
483 489
485 488
483 488
483 485
483 484
491 493
490 492
492 494
493 494
490 491
490 494
495 497
496 497
498 500
498 501
499 500
498 499
502 503
502 504
503 504
505 508
506 508
505 507
506 507
505 506
511 512
510 514
512 514
509 512
512 513
510 512
520 521
515 516
516 518
515 518
517 520
516 519
519 520
517 519
515 520
524 528
527 528
522 527
523 527
522 523
523 526
525 528
523 529
524 529
530 535
530 532
533 535
530 531
534 535
538 540
536 540
537 539
537 540
543 544
541 544
542 543
546 547
541 547
545 546
541 543
544 548
541 545
550 551
551 552
549 553
550 553
549 552
550 552
549 551
554 556
557 559
557 558
555 558
554 557
560 562
561 562
564 565
564 566
564 567
563 564
568 569
572 573
568 571
569 572
568 570
570 573
569 571
575 576
574 575
579 580
578 579
580 581
577 578
578 580
584 585
582 585
583 585
582 584
583 584
582 583
586 588
588 589
589 590
587 590
591 594
592 593
591 592
593 594
596 597
600 601
602 603
601 603
599 603
595 597
597 599
598 600
604 605
606 607
605 607
604 606
605 606
608 609
608 610
610 611
609 610
612 619
615 618
618 620
614 617
615 617
613 617
617 620
619 620
612 616
621 627
624 628
623 627
622 629
622 628
621 626
621 622
625 628
630 631
630 632
635 637
633 637
636 637
635 638
634 637
639 640
639 641
639 642
640 642
643 644
643 647
644 647
644 646
646 648
645 646
644 648
643 645
645 648
646 647
649 654
653 654
650 652
649 651
650 651
657 658
656 658
655 656
655 657
659 663
660 661
661 662
659 661
660 662
659 660
665 666
664 665
664 666
667 672
669 670
667 671
668 671
667 670
669 671
675 679
675 678
674 681
674 678
674 677
673 681
679 680
674 676
687 688
682 688
682 684
684 686
683 684
685 686
691 692
689 691
690 691
694 696
693 694
694 695
696 697
694 697
700 702
698 700
698 702
698 699
699 700
701 702
705 707
703 704
704 707
705 706
704 706
703 706
709 710
709 712
708 709
710 711
713 714
715 716
713 716
714 715
717 718
719 723
719 720
721 723
719 722
720 722
721 722
725 726
724 729
727 728
725 729
728 729
731 732
730 731
730 732
706 705
1 2
1 4
1 7
5 6
3 6
1 6
2 5
4 7
9 10
10 11
8 9
9 11
8 11
13 14
12 17
13 17
12 15
16 17
19 20
20 23
18 19
20 22
23 24
21 23
26 27
30 32
28 31
27 29
25 30
28 30
29 30
34 43
33 36
37 39
35 42
34 38
34 41
35 37
33 40
36 41
36 37
35 40
46 49
47 49
44 48
45 48
44 47
47 48
46 47
51 54
51 53
53 55
51 55
51 52
50 53
57 58
58 59
56 58
62 64
61 63
60 61
60 62
66 68
65 66
65 67
65 68
72 73
71 74
73 74
69 73
70 72
77 79
76 78
77 78
75 78
76 79
81 82
81 83
82 83
80 82
85 86
85 87
84 85
90 91
88 90
89 90
89 92
90 92
88 91
91 92
89 91
94 97
94 96
96 100
95 99
94 98
97 99
93 99
105 110
107 110
102 110
103 107
104 109
101 106
101 109
101 105
106 108
101 108
113 116
111 113
111 115
114 116
112 115
119 121
117 120
117 119
120 121
117 118
117 121
124 127
125 126
122 124
123 125
122 123
124 125
122 125
128 129
130 131
128 132
129 132
128 131
133 134
137 139
138 139
139 142
135 139
135 138
140 141
139 140
136 140
143 145
144 145
145 146
147 149
149 151
148 149
148 151
147 150
152 159
154 155
153 158
158 159
154 158
154 156
157 159
160 165
163 164
161 165
162 165
160 164
160 161
161 164
161 163
163 165
160 162
161 162
166 171
169 172
167 171
166 168
167 168
166 170
166 172
173 174
173 175
173 176
174 175
177 184
180 183
178 184
182 183
178 180
181 184
179 182
179 181
177 182
187 188
185 188
186 187
186 188
189 190
189 191
191 192
190 191
194 197
193 195
195 197
193 197
194 196
193 196
194 195
196 197
200 201
198 200
199 200
198 203
201 202
198 199
200 203
200 202
207 208
205 208
206 208
204 208
210 213
209 210
210 216
212 213
214 217
213 215
215 218
214 216
211 218
209 217
219 220
219 221
222 223
226 228
227 228
223 225
224 226
225 226
231 233
229 231
230 231
231 232
230 233
230 232
234 238
236 238
237 238
235 237
234 235
240 241
242 243
240 243
239 241
249 251
245 248
248 250
244 247
246 249
245 247
245 250
245 246
253 255
253 254
253 257
256 257
254 256
252 257
253 258
259 263
260 263
261 262
261 263
264 265
267 268
265 266
265 267
271 272
271 273
270 271
269 273
274 277
274 276
275 276
274 275
276 278
280 287
279 280
282 287
283 287
281 283
282 283
284 285
280 285
279 288
280 288
286 288
290 291
290 293
289 290
291 292
290 292
296 297
294 295
294 296
294 297
299 300
298 299
300 301
298 301
299 301
298 300
302 304
303 304
302 303
306 307
307 309
306 309
305 311
307 308
308 311
305 306
309 310
315 319
312 315
316 319
314 318
315 318
317 320
313 317
312 314
314 320
312 313
321 326
326 327
322 327
321 325
321 324
322 323
321 327
325 326
329 332
329 331
328 329
330 331
328 332
329 330
335 339
333 337
334 337
333 340
335 338
336 337
333 339
339 340
343 344
345 347
343 347
341 347
344 348
342 347
345 346
341 343
350 351
351 354
349 354
354 356
352 356
353 356
352 355
357 359
358 359
357 358
361 362
360 361
360 362
363 364
363 367
363 366
364 366
365 366
363 365
369 374
370 374
368 373
369 373
369 375
371 374
372 374
379 380
377 381
376 379
376 381
377 382
380 381
377 378
384 386
384 385
383 387
384 387
386 387
388 390
388 391
389 390
388 389
394 395
392 395
393 395
398 400
399 400
398 399
400 401
396 401
397 400
399 401
396 400
402 403
404 405
402 405
403 405
402 404
403 404
407 408
407 409
406 407
411 413
412 418
411 416
411 415
410 418
416 417
412 414
413 414
410 411
410 417
420 421
419 421
424 425
426 427
422 427
422 424
423 424
425 427
431 432
428 431
428 430
430 432
429 430
430 431
433 444
439 444
434 444
441 444
436 437
438 439
439 443
436 440
435 442
437 439
436 442
446 447
445 446
445 449
447 448
445 448
448 449
451 452
450 451
450 452
453 454
453 457
455 457
456 457
458 461
459 460
459 461
465 467
462 463
471 472
465 470
469 473
466 469
465 469
469 472
462 465
462 468
464 470
478 479
474 479
475 478
476 478
476 477
474 478
480 481
481 482
481 483
487 489
487 488
485 488
485 487
485 486
485 489
493 495
491 496
492 495
490 495
491 495
496 497
494 497
500 502
501 502
499 501
499 503
498 501
500 503
508 509
506 508
507 508
505 507
504 510
509 510
506 510
511 512
515 516
518 520
514 517
514 520
511 520
511 519
513 515
512 519
515 520
523 528
524 528
522 524
523 524
523 527
522 523
523 526
525 528
521 528
530 534
530 537
536 538
532 533
531 536
530 535
533 536
532 535
530 538
529 536
532 538
539 540
539 541
540 541
546 548
544 547
542 549
547 549
547 548
544 545
543 548
551 556
554 556
555 556
553 557
550 553
552 553
556 557
562 563
558 562
561 562
559 561
560 561
568 569
564 566
564 568
567 569
564 565
564 567
566 570
573 574
572 573
571 572
577 579
576 578
576 580
577 580
578 580
575 577
581 582
582 584
583 584
581 583
582 583
585 587
585 590
586 588
585 589
588 590
586 587
591 593
594 595
593 594
592 596
595 596
598 599
600 601
597 600
598 601
599 600
601 602
605 606
603 605
603 606
604 605
611 612
610 613
608 610
609 610
607 611
610 611
615 617
616 617
614 617
617 618
621 628
623 628
619 625
623 626
624 628
622 626
627 629
620 623
624 627
621 623
624 629
625 628
634 636
631 637
632 637
633 637
636 637
634 635
630 632
630 635
639 641
638 639
638 640
640 641
643 644
644 645
642 645
646 648
646 649
647 648
647 649
652 653
650 654
651 655
650 653
653 655
653 654
657 661
656 659
657 660
658 660
659 660
662 666
663 665
663 667
664 667
666 667
668 672
671 673
669 673
670 671
668 671
668 673
677 678
675 678
676 678
674 678
674 677
676 677
674 676
675 676
681 683
682 683
679 682
679 680
684 688
684 685
687 688
684 689
686 689
692 695
690 696
692 698
690 692
693 697
692 694
694 697
691 696
691 695
701 704
700 704
705 706
699 706
701 705
700 703
702 705
