2
25 350
Arthas Cavaleiro
Luna Cavaleiro
Mira Lenda
Theo Aventureiro
Fenrir Aprendiz
Sylvanas Aventureiro
Galahad Cavaleiro
Tristan Aventureiro
Isolde Mestre
Merlin Mestre
Arthur Aventureiro
Gawain Aprendiz
Lancelot Aprendiz
Morgana Cavaleiro
Elena Aprendiz
Dorian Lenda
Selene Aprendiz
Orion Aprendiz
Helena Aventureiro
Cyrus Cavaleiro
Ariadne Cavaleiro
Leon Mestre
Freya Cavaleiro
Dante Cavaleiro
Valeria Mestre
1 27 0
2 2 0
3 60 0
4 70 0
5 17 0
6 51 0
7 43 0
8 75 0
9 58 0
10 33 0
11 53 1
12 74 8 11
13 52 2 9 10
14 29 5
15 36 2 4 1
16 36 15 9
17 15 8 3
18 32 10
19 43 12 18 8
20 74 19
21 60 4
22 48 20 14 7
23 12 12
24 45 11 23 17
25 40 21
26 68 23 18
27 70 3
28 36 15 19
29 2 2
30 65 22
31 28 4 14 15
32 69 16
33 75 22
34 17 20
35 57 34
36 38 3 19
37 54 15
38 16 14
39 51 15 22
40 37 39 16
41 20 35
42 69 3 24 6
43 1 18 16 33
44 40 17
45 12 2 38 19
46 49 41
47 65 1
48 61 27 15
49 42 16 15
50 6 30
51 74 2 31 37
52 22 26
53 47 8 49
54 42 6
55 60 7 5
56 30 6 26
57 33 45 27 32
58 49 50 11
59 30 49
60 53 55 52
61 23 31 27
62 2 38 16
63 29 43 57 25
64 28 40 29
65 38 46 31 62
66 11 48 64
67 52 63
68 69 56 38 25
69 36 35
70 53 63 53
71 52 50 60
72 8 42 66
73 34 69 40
74 52 60 53 54
75 72 53 47
76 36 33
77 64 52
78 41 68 76 60
79 43 41 39
80 19 53
81 49 63 60 61
82 51 51
83 34 49
84 9 34 76 82
85 54 63 64 38
86 72 82 71 73
87 70 60 60
88 12 72 68
89 39 54
90 54 50 88
91 14 65
92 3 79 47 55
93 32 69
94 65 76
95 13 48 76 66
96 58 61 55 68
97 43 91
98 14 93
99 46 91 84 52
100 52 60
101 3 64 98
102 1 52
103 63 55 68 102
104 75 86 76 94
105 7 79
106 40 88 62
107 58 97 105
108 58 59
109 51 94
110 27 107
111 70 108 103
112 14 64 86 105
113 40 88 90
114 65 85 92
115 4 88 78 95
116 54 89
117 69 106 78 86
118 29 73 96
119 33 107 111
120 60 97 106 74
121 16 80
122 57 101 117
123 30 98
124 29 110 119
125 42 107 79
126 45 85
127 20 84 79 111
128 55 91
129 66 128 106 118
130 18 124 111
131 4 108 123
132 23 110
133 30 86
134 21 92 84
135 6 85 118
136 11 124 135 121
137 21 132
138 47 106
139 33 114 127
140 39 99 130
141 51 123
142 58 102 127 102
143 11 119 125 110
144 63 113 113
145 47 126 120 103
146 15 128 101
147 38 125
148 42 143
149 13 119 112 128
150 16 116
151 41 134 143
152 11 104
153 52 134 136 146
154 51 112
155 72 135
156 41 142 129
157 28 150 155 140
158 61 141
159 44 147
160 70 115
161 10 134 145
162 52 126 153 160
163 51 134 141 147
164 35 131 115
165 73 137 129 155
166 19 161
167 75 124 120 128
168 40 129 155 141
169 55 137 159 134
170 30 134
171 58 158 127
172 51 136 146 157
173 73 148
174 66 154
175 23 170 165
176 19 139 170
177 27 146
178 22 138
179 53 161 163 149
180 44 130 156 175
181 36 157 139
182 24 140
183 36 155
184 8 134 141 138
185 72 183 153 154
186 32 169 144 147
187 56 139 163
188 60 185 172 180
189 27 182 140
190 11 179
191 34 175
192 41 182
193 75 168
194 56 173 165 184
195 22 148 149
196 72 195 167 168
197 50 157 163 151
198 59 177
199 24 171 194
200 65 172 189 195
201 30 159 157
202 60 195
203 55 201
204 35 192 175
205 22 203 157 175
206 12 170 194 184
207 4 199 195
208 75 181 182
209 74 201 174
210 53 169 193
211 10 183 205
212 60 179
213 48 210 163
214 62 203 188
215 64 200 170 194
216 15 187 183
217 65 170 178 202
218 17 180 216
219 67 181 208 181
220 54 189 198 208
221 62 197 185 191
222 74 186
223 72 185 213
224 57 179 204
225 70 184 222 206
226 32 203 224
227 46 203 225
228 59 200 200
229 43 219 226
230 61 201 195
231 31 224 222 188
232 20 205
233 49 232 210
234 19 203 189 225
235 54 191 228 189
236 48 231 202 211
237 46 202 236 193
238 50 191
239 21 189 206
240 29 200 211 191
241 32 204 214
242 34 216
243 30 227 222
244 9 242
245 41 215 214 195
246 5 205 218
247 75 239
248 43 203 241
249 15 218
250 37 209 221 223
251 29 240 210 211
252 41 246 219
253 33 243 252 207
254 37 226 225 225
255 24 249
256 68 218 249
257 26 232 217
258 55 238 229
259 49 210
260 70 218 259 243
261 60 256 234
262 5 248
263 28 246 260
264 19 261 243
265 6 232 221 224
266 14 226
267 63 221
268 7 221 223 250
269 71 229 239
270 64 234 252 220
271 18 258
272 57 243
273 21 233 267 265
274 18 236 232 265
275 12 251 251
276 72 248
277 67 268 240
278 55 247 268
279 62 237 249 250
280 51 233 251
281 13 244 245 264
282 45 233 255
283 66 234 263 257
284 33 274 282 274
285 49 257
286 19 278 263 266
287 52 284 264
288 35 256 239
289 33 265 281 275
290 43 278
291 28 286 250
292 38 243 248 243
293 63 260 261 277
294 62 276 255
295 45 249
296 18 259 288 272
297 58 293
298 36 267 265 275
299 30 291
300 12 250
301 6 288 281 293
302 12 283 287 265
303 52 256 257
304 61 268 265 281
305 19 274
306 68 293 290 293
307 11 281 281 272
308 73 286
309 52 269 293
310 58 308 288 274
311 50 287
312 44 278
313 25 302 311
314 67 280 282 306
315 52 286 303 274
316 54 292 297 284
317 49 267 268 296
318 45 302 277
319 33 313
320 53 271 284
321 16 307
322 6 293 294
323 2 294 310
324 11 281 302 314
325 57 315 302 297
326 73 289 287
327 27 282 295
328 7 327
329 47 285 321
330 72 310 305 296
331 28 302
332 21 308 304 306
333 27 313 296
334 32 324
335 64 292 303
336 31 296 309
337 12 322 301
338 61 334 295 294
339 9 325 336 292
340 58 290 292
341 47 291 317
342 6 333
343 42 325
344 36 327
345 15 321 316 325
346 62 323 302 338
347 62 308 313 319
348 21 341
349 50 330
350 47 340 326 313
50 700
Arthas Aprendiz
Luna Cavaleiro
Mira Mestre
Theo Cavaleiro
Fenrir Aprendiz
Sylvanas Aventureiro
Galahad Cavaleiro
Tristan Cavaleiro
Isolde Cavaleiro
Merlin Mestre
Arthur Cavaleiro
Gawain Aprendiz
Lancelot Aprendiz
Morgana Mestre
Elena Aventureiro
Dorian Aprendiz
Selene Aventureiro
Orion Cavaleiro
Helena Mestre
Cyrus Mestre
Ariadne Lenda
Leon Aventureiro
Freya Cavaleiro
Dante Aventureiro
Valeria Cavaleiro
Cassius Mestre
Athena Lenda
Odin Aprendiz
Freyr Aventureiro
Ragnar Lenda
Beatrice Aprendiz
Victor Aprendiz
Isabella Lenda
Marcus Lenda
Nina Aprendiz
Lucius Aventureiro
Aurora Aventureiro
Evelyn Aprendiz
Kieran Mestre
Soren Aventureiro
Lysandra Mestre
Maxim Mestre
Thalia Cavaleiro
Gideon Cavaleiro
Seraphina Aventureiro
Tobias Aventureiro
Amara Aprendiz
Jasper Aprendiz
Celine Cavaleiro
Alaric Lenda
1 68 0
2 26 0
3 74 0
4 12 0
5 58 0
6 20 0
7 12 0
8 16 0
9 21 0
10 7 0
11 7 8 3
12 27 2 11
13 13 5 3 12
14 59 6 4 12
15 65 8 10
16 44 6 14
17 4 8 5
18 69 4
19 57 6 1 16
20 3 6 6
21 4 10
22 16 15 10 13
23 27 4 16
24 16 15
25 48 20 14 3
26 31 18
27 73 23 18
28 68 2
29 71 2 7 22
30 11 26 13
31 28 5
32 72 26 22
33 43 4 1
34 63 32 15 17
35 5 14 20
36 34 28
37 56 25 34 35
38 8 4
39 54 3
40 56 11 7 26
41 17 24 23
42 58 6 8
43 52 14
44 13 24
45 23 39
46 24 2
47 24 10 29 7
48 75 33
49 72 18 1
50 3 46
51 64 16 27 41
52 1 29 33
53 33 15
54 10 36
55 28 33
56 39 15 50
57 69 54
58 53 41 33 56
59 70 25 55
60 62 46 45 35
61 47 57 20
62 18 22 17
63 67 58 49
64 49 28
65 8 48
66 43 58 27
67 72 39 37 27
68 8 58
69 22 23 64
70 75 62 23
71 56 35 30
72 13 29
73 46 57 41
74 18 56
75 27 43
76 41 31 48 44
77 37 45 36 75
78 70 42 65 57
79 52 55 72 78
80 52 56 45 46
81 37 50
82 25 51
83 40 57
84 60 37
85 63 50 59 47
86 21 67 53 82
87 68 66 63 76
88 26 71
89 20 87 80
90 22 46 68 57
91 26 89 90 70
92 52 60 53 44
93 64 55 80 55
94 2 69 90
95 54 67
96 41 46
97 46 56
98 49 94 70 74
99 60 71
100 33 59
101 74 91
102 25 95 85
103 31 63
104 27 58 84
105 70 96
106 68 85
107 43 88
108 49 104 105
109 65 79 105
110 59 96 78
111 12 83 62 88
112 68 98
113 14 86
114 75 77
115 71 77
116 59 113
117 45 81 72
118 34 74 71 115
119 31 79 98 95
120 43 109 82
121 43 75 105
122 51 89
123 36 81
124 58 75 109 110
125 66 104
126 72 103
127 66 120
128 5 105 121
129 72 81 101 94
130 2 103 95
131 41 108 107 125
132 75 127 117
133 47 118 100
134 20 107
135 28 109 114
136 64 121 92
137 11 90
138 41 88
139 17 119
140 64 132 98 121
141 21 113
142 4 114 93
143 28 94 94
144 22 110
145 46 116
146 32 143
147 7 139 142 117
148 43 134 102 147
149 49 105 113 123
150 59 111 141 136
151 64 137 147 114
152 17 135
153 48 120 138
154 33 120
155 33 108 144
156 2 125
157 42 123 132 126
158 32 154
159 12 136
160 15 127
161 15 132
162 1 150 131 161
163 66 124 150
164 31 147 156 162
165 43 130 120 145
166 6 142 127
167 22 159
168 11 127 134 159
169 56 132 154
170 60 147
171 48 158 169 149
172 33 137 135 135
173 21 130
174 29 126 150
175 28 141 134
176 60 136 133 146
177 25 142 167
178 65 163
179 47 166 169
180 52 163 141
181 43 172
182 41 154
183 1 164 176 159
184 4 135 137 141
185 57 177 154 170
186 60 152 175
187 49 155 151
188 38 158
189 57 145 155 152
190 38 177
191 64 152
192 12 188 178
193 2 192 190
194 67 169 172
195 67 160 164
196 69 190
197 68 194 147 152
198 30 188 159
199 24 185 196 161
200 62 172 164
201 48 188 177
202 44 161 153
203 17 190 156
204 72 163 156 188
205 43 194 186 193
206 70 175
207 71 157
208 2 159 162
209 62 184
210 38 164 208
211 38 199 199 165
212 48 166 195 168
213 62 177 212
214 47 167 200 210
215 28 182 201
216 2 170 173
217 38 192
218 20 216
219 58 205
220 24 172 203
221 13 177
222 57 210 216 177
223 57 188 202 198
224 62 207 188 174
225 5 219 191 194
226 36 184 219 224
227 21 205 204
228 70 225 209
229 63 219 209
230 4 192 205
231 42 207 185
232 61 217
233 52 212 230 196
234 46 202 219
235 55 217 187
236 51 235
237 40 227
238 11 215 192
239 56 236 208 211
240 13 192 211 209
241 14 230 212
242 14 237
243 52 208
244 30 196 233
245 64 218
246 56 221 218 201
247 23 215 245 218
248 45 226
249 54 243 235 236
250 62 244 212 218
251 50 213 216 245
252 29 229 232
253 31 251 223 251
254 48 240 250
255 50 226
256 10 206
257 23 242 227 256
258 61 233
259 53 238
260 72 222
261 52 236 234
262 34 252 254 236
263 59 256 244
264 67 214 227
265 59 256
266 54 240
267 16 258 223
268 42 254 256
269 21 249
270 69 236 223
271 3 222 247
272 22 227
273 4 265
274 42 264
275 36 255 225
276 24 246 238
277 37 257 243
278 22 245 250
279 5 272
280 39 257 238 257
281 72 276 268 270
282 46 243 270 250
283 63 233 235
284 68 270 256 256
285 12 256 267 244
286 48 251 241 279
287 74 272 238
288 51 250
289 70 286
290 48 284
291 31 281 289
292 29 249 267
293 72 269 269 271
294 37 252
295 57 282
296 68 267 273 268
297 69 259 267
298 54 252 268 275
299 29 275 273
300 28 284
301 73 292 270
302 25 299 269
303 65 259 254 269
304 68 281 278
305 55 287 263 280
306 52 305 263
307 11 287 300
308 23 275
309 70 274 269
310 18 289 278 278
311 24 296
312 12 267
313 6 298
314 52 280
315 74 270
316 35 302 271
317 56 280 285
318 50 313
319 49 279 272
320 3 314 284 303
321 40 301 291
322 30 307 275
323 28 322 313
324 54 312
325 74 288 275 307
326 68 299 280
327 7 316 281
328 70 311 284 319
329 1 294
330 14 292
331 37 314 323
332 22 291
333 2 310 302 315
334 43 288 326 317
335 75 306
336 10 300 332 315
337 23 298 308
338 44 299
339 3 290 301 293
340 21 336
341 59 334 323 297
342 6 335 335 311
343 20 327 308 337
344 30 320
345 46 312 342 313
346 27 341 318 337
347 24 337 301 298
348 74 316
349 41 348 335 311
350 40 303 319 348
351 49 302 304
352 17 329 348 351
353 75 313 317 311
354 69 348 309 335
355 14 333 352
356 63 330 348 319
357 5 324 347
358 57 345 327
359 31 350 341 335
360 11 358 355
361 2 317
362 18 361
363 60 349 315 345
364 39 347
365 43 352 346
366 9 339 329
367 7 339
368 12 327
369 62 325 320
370 17 336 358
371 47 335 347
372 31 341 330 334
373 47 336
374 17 372 350
375 3 366 364 338
376 19 360
377 73 339
378 57 375
379 47 346
380 72 372
381 20 364
382 12 377 338 352
383 50 355 380
384 43 336
385 13 380 356 364
386 33 348 378
387 64 372
388 71 351 373
389 49 349 351
390 9 349 353 384
391 29 372 373
392 61 350 357
393 1 381 352 374
394 3 348 352
395 41 363
396 45 368 380 380
397 52 385
398 33 380 366 384
399 62 349 356 360
400 55 384
401 69 380 393
402 67 398 399
403 6 401 373 400
404 37 356 354
405 48 360 397
406 26 400
407 20 362 381 380
408 19 387
409 25 370 370 359
410 55 393 372 360
411 22 363
412 10 408 404 384
413 69 374 389 385
414 28 399
415 48 365
416 2 398 386 386
417 24 368 394 381
418 3 376 388
419 25 381
420 50 390 376 370
421 25 404 412
422 39 415 416 417
423 62 384 398 392
424 57 396 407
425 3 390
426 12 397 378 409
427 67 388 407
428 9 384 393 418
429 62 427 399 425
430 74 421
431 43 393 418
432 4 431 394
433 54 423 391
434 7 390 419
435 71 421 429
436 61 400 414
437 35 392 402 398
438 38 426 406 411
439 58 413 426 406
440 74 419 403
441 73 439 399
442 74 415 397 395
443 32 393 409 421
444 34 396 440
445 37 442
446 71 415 422
447 53 411 446 424
448 8 435 413
449 35 441 411
450 38 412
451 42 426
452 32 424 448
453 67 444 444 451
454 65 441
455 69 415 432 438
456 24 424
457 24 445 409 438
458 6 443 433 412
459 26 417 450 437
460 59 451 435
461 74 456 414
462 11 454 413 460
463 60 414 445 445
464 37 426 446 421
465 56 419 436
466 32 447
467 42 417
468 57 451 432 428
469 54 453 450 454
470 1 463 466 449
471 35 456 461
472 12 423
473 24 454 448
474 75 464
475 65 437 432 435
476 20 455 429 441
477 35 456 430
478 63 467 451
479 16 471
480 68 475 443 473
481 40 449 436 437
482 51 462 480
483 17 453
484 54 466
485 20 462 458
486 69 482
487 9 474 466 439
488 35 450
489 74 463 463
490 37 471 455 448
491 21 472
492 48 446 452 483
493 69 482 443 478
494 55 472 480
495 18 490 451
496 51 467 470
497 68 447 469
498 70 484
499 28 483 451 454
500 62 483
501 34 494
502 23 470 499 458
503 42 484 472 494
504 41 485
505 42 498 487
506 58 494
507 7 501
508 30 484 483
509 7 460 473
510 31 497 492 461
511 11 479 464
512 19 463
513 71 478 487
514 53 485
515 74 496
516 41 502 502 507
517 68 470
518 32 512 489 469
519 60 499 474 505
520 35 482 499
521 16 512 508
522 11 493 490 510
523 18 475 498
524 27 493 507
525 18 479 498
526 39 507 501 494
527 55 518 482
528 30 484
529 25 526 500
530 27 489 497
531 53 521 511
532 6 502
533 7 504 519 518
534 43 514 504
535 70 490 530 512
536 31 515 512 498
537 14 535 525
538 26 494 503
539 36 490 534 531
540 15 527 502 534
541 3 525
542 22 509 498 501
543 23 536 505 493
544 38 511
545 74 503 506
546 50 509 527
547 35 508 544 530
548 51 511
549 46 531
550 71 538 526
551 16 501 532
552 60 505
553 66 510
554 38 522
555 29 538 507 512
556 43 519 528
557 59 517 527
558 56 532 538
559 15 539 540 541
560 2 537 531 512
561 73 559 527 525
562 24 523 553
563 52 529 525
564 10 530
565 60 552 553
566 60 552 519
567 64 564 556 563
568 13 522
569 23 551 536
570 42 567
571 40 568 534 548
572 67 571 556
573 71 558 533
574 45 568 560 571
575 56 557 564
576 1 564
577 72 565 564 564
578 40 533
579 7 558 577 576
580 23 564
581 21 534 555
582 16 577 540 540
583 72 571
584 33 561
585 14 546 551
586 10 568
587 40 547 572 555
588 36 580 557
589 34 542 588 558
590 32 551 588 561
591 62 543 567 586
592 38 544 590
593 57 564 565 586
594 38 591 580 545
595 5 590 590
596 46 581
597 43 555 549 584
598 57 562
599 50 575 586
600 46 575
601 19 557 559
602 13 554
603 22 555 568
604 58 569
605 38 570 556
606 54 574
607 23 564 566 600
608 8 578 577 590
609 38 576
610 10 587 572
611 49 579
612 64 577 597
613 59 600 594
614 53 603
615 55 565
616 61 605
617 47 603
618 14 615
619 74 569 575
620 10 618
621 69 581 571 588
622 52 592
623 33 600 594
624 21 597
625 57 623
626 56 612
627 5 607 624 618
628 39 627
629 75 612
630 30 584 620 585
631 22 614 627 599
632 42 619 625 605
633 58 632 601
634 65 595 592 624
635 56 631 627
636 39 634 625
637 43 636
638 64 595
639 13 614 636 625
640 30 612 616
641 36 617
642 5 598 595 613
643 4 617 608
644 53 609 612 627
645 42 615 611
646 6 634
647 40 642
648 25 600 618
649 75 629
650 29 600
651 56 610 635 628
652 68 643 642 611
653 26 635
654 1 625
655 6 635 633
656 1 620 650 616
657 17 626
658 55 641 626 635
659 45 643 652
660 16 621 615
661 75 633
662 20 632 643
663 23 625 622
664 60 648 622
665 66 615 634 637
666 30 650 664 626
667 32 642 617 661
668 24 657
669 39 633 624
670 22 668 641 650
671 65 627 668
672 61 647
673 60 663 657
674 28 666 669 660
675 51 626 643 647
676 29 643
677 10 674 665 667
678 41 662 650 666
679 72 653
680 9 652
681 15 637 665 678
682 46 677
683 3 680 664 634
684 3 645
685 37 656
686 46 650
687 37 657 660 679
688 13 638
689 4 681
690 54 663 659
691 56 679
692 1 680 647 681
693 51 686
694 59 644
695 53 645
696 72 646 685
697 56 651
698 34 677
699 55 662 668 687
700 67 656 654

