5
50
714.8179 246.7463
526.8097 855.2555
633.7438 893.1117
633.5674 807.3809
514.5599 913.5983
102.5992 121.0114
717.4228 97.3922
728.4668 828.3623
265.3321 486.7227
598.0144 20.0087
31.6595 679.0032
901.8699 961.4571
641.8726 816.2607
580.5179 670.2927
623.5163 211.6806
732.5697 71.2129
435.4397 646.6437
138.3077 63.3305
448.5884 16.9444
947.8971 445.0346
192.9538 591.5582
508.0810 954.6960
773.0071 303.2476
738.2046 520.2393
986.8099 22.6386
471.0129 793.4503
864.0552 774.4373
358.7628 348.7439
563.4982 114.6189
744.4415 925.0430
767.4135 787.8101
451.6992 309.5431
119.5600 989.9715
206.4972 756.9563
756.5043 130.3168
191.7721 396.4039
748.3055 355.4867
865.3563 804.4013
962.2348 591.5414
226.2897 820.4075
623.8502 269.3058
127.9872 600.7872
76.0056 205.0731
495.6157 846.6556
861.0782 200.6217
603.2423 47.2892
858.3824 411.7688
362.4121 673.1172
919.4243 635.3224
538.7246 575.8587
50
883.8967 924.3586
65.4201 536.1517
796.5281 324.9739
550.7232 303.6121
488.6251 397.8575
545.1770 761.4388
32.9116 375.3307
565.4280 983.9524
675.5784 832.4371
365.1118 477.6581
981.9851 750.1029
833.8372 502.8063
6.9192 114.7334
323.1702 730.4581
341.9806 353.4328
269.3299 304.6388
965.5903 303.2886
376.9186 558.1531
89.0329 777.3555
353.7501 397.1620
291.2292 588.0112
860.5496 631.8154
322.6591 539.8388
190.4898 422.6154
173.6726 20.2567
195.6732 12.3523
317.8263 907.5054
574.5754 796.7965
151.9450 921.4910
898.0157 480.1556
350.9696 359.9394
505.4558 667.7243
704.9097 955.4697
155.4695 821.0781
555.7303 0.8958
844.0426 653.4840
804.0649 577.2875
589.6603 701.7194
126.2972 118.0583
147.1311 381.1667
939.6627 566.7304
729.9825 936.9646
153.8171 770.5554
286.0737 264.6178
411.6362 346.1881
277.7188 655.5973
486.5618 299.3186
760.0367 749.0897
763.4965 483.7023
796.2645 387.1368
50
869.5424 755.8751
183.8882 528.0674
399.5855 544.4562
622.2216 479.1051
683.5938 994.3238
434.4945 507.3408
238.6532 645.5551
280.9196 90.6662
794.2335 319.8986
629.1977 748.4346
374.0868 962.4361
584.4937 707.3271
117.6212 780.5908
250.2311 840.5135
513.5881 427.6941
72.2132 282.1723
602.3754 94.1073
270.9625 793.5261
839.6676 952.5450
249.7142 729.3381
715.3377 19.5636
360.2697 323.7002
529.6712 921.4618
117.0261 367.1911
561.3418 352.0285
935.8194 525.3921
450.7740 28.4953
190.4743 994.0994
791.1393 580.1060
864.9361 684.6760
433.4163 725.8888
982.5991 191.3616
565.2238 455.0127
517.1242 685.5402
452.2453 920.0143
760.0534 329.1420
554.5081 800.2046
294.8787 138.3519
119.1984 246.0394
662.9018 218.6636
720.9670 334.7596
915.8648 324.8135
395.1406 94.5244
872.3844 463.9433
745.8920 179.5361
664.9960 839.0013
392.2938 414.1948
104.3691 192.3361
119.0485 862.2712
94.1646 192.6887
50
989.3381 622.5723
729.2170 932.4633
511.4031 302.3840
946.9065 77.8397
514.0711 685.7711
345.2420 989.9924
363.4788 501.6654
994.2498 646.3337
71.9060 211.9186
876.5600 161.7078
109.0478 965.7325
856.6903 10.7815
950.2577 160.3587
972.6386 865.7116
921.6050 431.1714
373.7050 765.9496
165.4124 669.5834
550.7521 407.5978
971.6798 126.7498
507.9532 126.5570
496.8614 598.5178
614.4258 48.6969
896.1019 951.6243
228.9681 718.7647
138.0034 842.4547
878.3766 338.7488
238.6825 910.2126
899.9907 963.3109
519.1767 429.4675
318.2788 172.3399
986.8343 755.3427
814.9793 826.2645
135.7150 141.2087
409.9073 320.5978
547.4186 796.5383
248.2403 731.3161
976.8884 876.6388
395.7093 480.1832
933.5430 703.5455
432.5137 702.2565
620.6612 107.1703
283.7355 366.8294
969.2034 208.0201
153.2276 768.5378
90.1751 465.6885
150.5680 965.3369
291.7151 232.0138
901.7737 726.0530
620.5105 301.7425
571.9213 888.1638
50
522.7257 387.1408
250.8080 978.3128
57.4524 248.3570
691.9284 568.0308
364.5165 647.5555
625.0513 278.6185
301.2911 422.5737
224.8787 495.9091
460.9383 95.2875
398.1835 371.6139
822.3352 550.7357
909.6621 409.2544
456.0246 504.0386
651.6132 902.9517
695.2131 795.7270
660.1282 945.8326
830.9250 981.3828
413.9083 300.7049
569.6603 748.0212
758.7323 721.1973
505.7596 585.0236
335.4394 890.0232
394.7432 779.2945
664.4201 980.1901
123.1036 336.9471
267.1310 682.9408
59.2617 299.3302
863.3102 826.2277
212.3467 126.8057
695.6405 219.7267
217.1513 9.4680
837.6223 852.2439
255.7416 230.6528
691.5131 768.3932
203.8098 695.6770
797.7004 644.2810
518.2932 108.3702
938.4819 238.0042
550.3087 728.9781
899.6779 61.5954
524.8545 996.3940
399.5236 707.4584
840.8869 800.7119
682.5417 845.8013
74.6713 690.0316
261.3481 799.7064
35.5738 95.6204
713.9403 670.4434
152.4255 582.9616
317.7351 399.0824
