100
12
6
6 1 3 2 4 7
14
7
6 1 6 4 3 0 2
14
7
4 3 2 10 11 0 11
18
9
1 2 3 0 2 6 3 9 2
10
5
78 8 19 100 72
20
10
98 3 72 57 12 31 84 78 27 84
30
15
29 24 86 58 9 97 77 86 19 90 2 24 22 64 57
40
20
2 1 8 38 30 88 57 42 53 68 53 18 45 14 56 11 68 2 32 83
50
25
73 32 19 59 45 46 65 24 52 61 48 16 22 79 41 14 97 71 27 32 9 100 6 23 26
60
30
25 81 37 18 18 6 32 36 15 100 20 67 44 44 65 54 38 48 27 62 71 54 57 77 63 3 91 49 60 93
70
35
31 86 12 60 66 62 92 21 42 87 59 36 13 40 94 35 32 58 52 96 29 82 100 79 46 96 41 85 39 33 37 46 86 10 14
80
40
95 32 42 6 14 5 33 61 22 8 70 15 43 41 25 43 47 37 93 59 74 76 47 64 99 71 2 3 25 34 59 66 45 27 76 86 98 42 79 94
90
45
28 76 1 87 76 44 45 40 3 39 21 78 90 96 26 53 14 74 82 30 61 20 75 44 73 20 49 72 15 99 56 85 94 65 19 27 85 36 9 2 58 44 68 91 40
100
50
32 58 54 35 2 5 92 88 53 19 62 49 36 62 53 75 48 27 96 94 74 72 72 67 85 29 13 74 48 26 74 39 45 8 19 22 24 38 36 89 20 73 93 13 71 27 16 98 87 70
110
55
96 65 14 8 98 75 33 17 91 26 41 35 95 30 63 42 39 63 46 25 92 70 34 28 26 34 48 14 76 38 30 72 74 35 55 86 20 43 68 29 34 48 64 55 99 2 49 100 14 16 85 55 13 2 82
120
60
97 22 80 70 52 63 50 72 5 79 96 38 83 45 47 5 6 88 71 56 70 82 57 75 47 18 37 99 84 84 81 10 83 54 83 53 100 92 43 95 91 88 8 51 26 64 29 98 76 18 1 67 14 60 89 9 60 96 28 48
130
65
45 88 90 89 6 52 94 91 34 85 37 35 94 74 24 40 3 16 2 77 17 90 28 22 79 57 59 28 82 88 25 98 91 47 11 90 15 23 78 62 63 31 74 98 6 32 44 89 86 18 26 72 28 51 27 59 35 59 62 45 9 36 30 17 21
140
70
54 43 87 15 39 80 85 82 67 25 70 70 7 82 29 72 5 11 87 42 58 22 21 83 4 28 66 6 58 77 27 35 30 65 45 25 22 39 40 11 81 96 26 72 4 61 42 58 61 9 57 80 59 33 25 37 36 84 45 47 33 87 98 61 67 87 52 70 100 16
150
75
99 5 45 87 73 14 29 32 42 2 35 77 74 97 13 11 79 34 25 66 22 13 77 9 82 60 13 4 69 53 39 57 31 47 23 26 42 40 42 46 52 52 61 20 1 46 89 73 66 30 80 73 26 97 59 72 34 77 98 86 11 13 10 36 87 66 49 48 64 29 94 84 3 25 62
160
80
49 89 38 91 14 6 92 16 55 85 53 18 59 84 87 86 85 37 52 29 40 8 22 31 45 58 17 31 46 38 73 67 6 50 35 14 30 2 8 84 34 62 11 52 21 63 96 76 72 42 77 95 39 75 77 17 79 83 11 42 78 5 26 91 35 20 95 67 37 56 16 10 87 39 98 8 3 15 65 19
170
85
22 60 65 7 14 28 44 10 2 32 83 99 31 71 34 12 87 86 54 77 84 69 57 61 36 89 19 10 10 46 69 95 61 17 26 1 80 87 51 62 61 49 39 69 14 93 95 72 22 15 89 15 18 1 19 2 59 35 61 39 7 70 77 85 43 3 78 62 35 32 26 84 96 61 9 14 42 45 20 52 48 13 14 37 44
180
90
27 12 56 30 92 37 32 62 43 34 19 75 41 29 12 82 96 77 7 84 7 7 11 34 57 72 29 86 47 34 8 25 15 99 7 55 93 77 25 22 30 20 20 20 12 98 72 75 57 66 49 25 84 60 98 67 21 64 61 40 49 71 45 3 40 19 4 5 19 34 14 54 91 1 30 51 65 83 75 82 90 60 45 72 65 29 65 21 79 16
190
95
93 34 82 86 41 20 86 19 90 9 64 35 29 30 39 82 81 42 63 46 23 53 1 16 7 17 1 1 42 81 1 25 43 6 53 49 39 29 1 8 72 86 56 67 73 75 64 80 70 40 4 71 73 76 52 32 68 43 18 24 34 89 98 60 81 59 4 45 24 97 40 92 45 22 84 49 23 40 90 100 7 49 37 51 77 78 60 60 71 18 2 9 49 18 24
200
100
86 73 53 5 25 19 15 76 45 52 19 57 10 38 26 16 42 88 58 18 47 38 79 83 41 52 33 81 57 64 48 88 73 60 30 72 57 8 39 43 70 73 61 77 48 73 31 21 6 89 5 21 32 31 92 66 1 16 81 4 94 35 43 42 14 21 84 82 11 89 79 62 22 16 97 80 45 67 4 55 23 48 73 94 21 66 61 21 61 56 44 47 79 39 93 66 8 69 25 33
210
105
92 44 35 45 60 26 65 2 70 52 22 65 80 11 89 27 83 57 99 88 70 38 29 22 72 91 79 42 83 20 19 97 87 41 7 99 82 43 34 94 78 34 94 1 6 69 3 98 39 27 39 30 39 36 65 51 14 27 39 40 46 29 25 42 36 11 46 18 41 18 19 47 99 26 73 19 79 99 96 11 27 66 89 26 89 69 38 59 76 33 6 58 46 37 34 3 37 2 90 4 82 2 47 23 22
220
110
52 40 8 8 78 74 97 58 29 35 70 79 34 89 18 91 57 96 18 94 8 31 15 38 67 59 66 25 89 16 20 35 48 26 39 49 52 2 88 81 47 75 94 62 55 30 14 84 73 69 3 8 83 54 88 89 49 84 48 68 24 13 81 70 16 96 19 76 16 29 56 97 87 36 44 64 36 18 5 34 4 17 70 72 69 52 17 5 21 70 86 42 51 19 71 1 21 26 100 92 67 56 79 24 79 40 40 5 26 91
230
115
74 76 6 24 55 90 100 33 60 18 73 90 95 52 17 53 82 59 31 72 51 44 85 37 22 26 52 8 83 1 68 65 37 62 27 85 48 15 91 98 30 70 69 80 21 54 47 51 58 34 66 93 52 16 5 18 72 24 63 3 65 39 36 43 41 51 65 67 90 32 73 15 16 27 76 26 60 22 73 57 53 76 3 72 63 55 18 86 86 6 94 41 61 54 78 31 75 57 70 88 31 33 53 31 76 16 23 54 84 43 44 28 30 98 90
240
120
57 28 32 71 67 34 55 8 95 81 66 97 50 27 51 67 14 78 11 78 44 4 100 52 58 29 74 66 28 71 30 65 98 97 74 90 51 74 22 12 84 64 10 90 8 54 69 95 88 74 24 48 90 75 72 16 70 60 86 91 28 80 18 43 46 8 25 3 38 10 26 51 59 68 15 31 21 97 50 15 43 13 50 50 57 43 31 73 30 42 28 62 68 88 99 45 95 41 89 95 39 92 95 88 18 4 92 89 92 42 61 37 60 69 50 18 80 15 62 15
250
125
1 19 86 56 32 7 86 69 40 56 86 40 44 16 83 60 95 84 32 16 80 46 65 87 9 35 29 69 43 47 56 26 29 26 73 81 31 72 81 50 54 77 66 76 99 54 41 72 83 9 21 8 28 37 56 45 67 68 92 49 26 90 80 41 59 73 87 37 30 21 76 73 92 18 44 95 23 10 23 46 86 97 32 80 8 35 84 84 70 85 55 52 57 35 36 32 74 84 66 93 10 69 10 52 40 27 53 75 80 28 15 11 50 95 85 64 76 51 14 87 64 37 24 90 33
260
130
71 49 13 56 75 32 35 33 14 51 64 78 34 65 87 90 35 88 88 44 19 34 30 99 46 98 2 58 74 19 18 60 97 9 34 7 87 9 83 32 66 23 17 63 41 57 76 14 63 86 28 44 52 10 92 29 16 1 82 24 19 28 40 90 82 7 38 18 4 83 49 89 65 18 67 78 29 49 33 55 75 70 99 99 16 40 52 12 61 3 45 46 91 78 39 4 57 87 36 24 17 51 29 7 88 39 96 82 8 45 20 34 32 87 52 40 79 45 25 37 98 32 7 2 19 17 90 31 11 13
270
135
34 35 31 97 58 92 5 23 38 98 42 15 42 69 20 43 87 63 8 84 54 23 26 36 6 53 90 40 70 55 81 5 37 65 75 54 18 24 26 33 1 72 16 60 41 89 8 78 16 42 95 84 64 92 98 87 27 15 67 46 92 22 24 45 18 37 25 23 88 92 83 94 69 40 42 6 27 74 3 35 88 15 21 89 16 90 10 29 35 27 23 69 43 36 73 91 46 72 12 72 60 12 48 60 93 18 29 73 4 74 27 41 7 85 42 39 87 94 96 71 37 6 35 33 94 65 58 55 2 65 21 80 81 18 4
280
140
100 66 52 64 58 21 69 62 50 13 90 76 50 4 93 92 95 46 41 17 66 58 36 32 41 3 41 90 55 70 89 89 9 94 67 31 81 96 72 38 42 79 26 46 56 82 51 49 55 28 58 88 31 53 18 72 30 54 8 45 77 32 88 1 76 7 12 93 92 33 3 89 23 10 100 95 91 32 53 32 74 23 29 98 15 74 58 51 31 19 50 50 74 14 76 57 24 8 30 72 54 95 55 41 83 57 25 11 66 80 12 26 31 82 63 31 39 93 16 52 83 43 7 33 40 93 1 40 34 83 72 87 37 22 85 26 32 86 83 69
290
145
71 100 44 10 82 28 10 22 86 42 97 43 80 77 78 55 48 16 66 97 19 73 22 16 74 88 46 58 70 28 99 28 90 38 72 5 46 38 52 18 2 49 48 82 68 56 31 42 43 97 55 86 50 49 92 59 83 3 35 100 70 22 33 1 45 49 6 80 28 51 20 43 75 85 63 52 53 48 67 72 10 95 84 59 33 25 25 86 15 69 66 70 22 52 40 57 27 16 90 9 11 32 85 74 36 16 6 46 68 16 77 24 34 92 30 50 91 78 33 87 94 83 61 8 12 90 94 98 52 53 85 29 22 3 90 4 35 72 94 34 68 100 76 39 79
300
150
39 50 79 93 88 12 67 62 22 64 69 55 2 80 66 39 20 34 7 59 17 62 51 89 1 52 74 48 38 51 34 21 31 69 69 46 8 94 95 74 35 12 48 75 40 69 57 21 32 80 32 42 56 4 20 99 38 15 62 96 66 46 1 88 41 24 6 89 17 78 6 78 41 31 74 73 61 24 23 9 78 96 37 69 17 96 13 12 14 35 8 6 61 70 98 32 87 84 37 87 94 14 84 73 55 77 71 10 12 82 33 45 89 65 60 11 50 49 97 79 15 100 46 76 99 74 20 82 7 71 2 55 64 55 61 84 16 10 97 49 43 78 42 77 61 29 83 98 50 18
310
155
52 30 64 49 32 19 62 67 70 44 84 91 6 88 7 74 5 14 99 43 59 53 1 95 85 18 63 84 93 50 7 98 81 66 55 90 27 82 80 89 46 78 99 1 93 20 84 8 38 33 46 22 22 24 96 100 58 93 36 2 37 22 72 43 1 82 91 18 53 17 20 39 19 46 91 73 70 75 68 67 7 55 97 25 37 41 97 62 87 57 93 5 81 98 38 76 24 83 6 24 84 94 22 14 20 86 52 75 21 99 22 15 69 31 82 6 29 80 44 65 61 1 80 93 52 94 83 48 25 42 45 12 40 87 41 70 29 35 28 85 32 91 7 3 58 72 85 18 58 96 60 45 73 2 36
320
160
15 67 13 48 87 96 83 32 89 77 23 63 29 27 77 21 82 37 89 7 29 18 98 98 25 22 43 87 22 32 56 35 96 51 26 30 79 7 33 93 40 26 50 90 97 7 30 49 16 44 70 86 84 2 87 23 31 55 1 85 98 2 9 41 86 13 23 41 43 48 25 31 38 73 18 95 94 88 37 47 42 84 9 43 15 96 46 17 86 58 41 45 78 33 22 25 82 68 34 64 96 66 91 97 32 59 84 19 12 30 78 82 9 87 74 49 5 9 17 78 61 36 84 46 9 60 32 73 13 12 57 4 13 6 82 4 66 5 75 24 47 55 65 67 16 32 42 84 20 81 30 75 89 33 49 9 8 48 23 38
330
165
92 41 56 29 25 54 61 99 98 70 1 8 89 66 58 53 20 28 86 32 46 10 55 30 2 77 34 29 95 64 60 12 54 42 51 100 37 76 87 88 66 26 64 60 43 87 30 18 22 40 4 81 57 99 57 60 5 27 52 31 90 19 62 18 76 77 43 63 66 95 67 79 31 81 76 76 36 67 73 23 29 24 69 65 91 52 32 63 21 77 61 3 98 73 75 100 35 82 77 31 93 19 62 66 76 68 82 50 94 23 6 28 49 77 21 44 5 91 83 21 51 38 78 36 13 59 23 12 6 63 40 65 47 83 59 35 6 86 15 1 2 17 90 73 38 64 75 34 97 90 56 73 8 68 72 21 100 11 96 64 5 14 12 92 28
340
170
2 73 71 60 95 32 25 91 4 72 88 46 63 85 91 2 94 4 29 34 32 58 59 12 65 73 91 70 51 98 82 71 33 1 97 87 7 59 22 69 45 64 12 2 91 69 24 49 98 88 73 45 35 87 6 94 95 93 78 49 82 29 44 51 77 84 65 76 31 50 88 100 72 30 70 44 36 46 67 4 61 40 34 39 53 63 65 96 75 41 30 69 74 21 55 91 11 73 49 93 18 29 16 70 21 20 13 12 21 5 96 95 8 39 47 90 54 5 30 12 54 36 74 57 3 60 72 96 64 87 78 6 15 88 92 38 11 63 71 11 84 70 57 87 90 36 53 79 37 53 44 12 91 17 54 13 70 96 1 55 18 11 44 48 33 99 88 82 79 37
350
175
100 51 59 56 89 7 41 50 77 66 34 7 31 55 94 75 20 44 36 46 36 30 72 23 3 5 68 77 15 76 6 11 44 67 60 17 24 25 62 16 58 6 23 6 4 39 53 81 40 63 2 3 63 67 84 88 8 64 65 87 92 67 18 31 23 91 27 62 10 48 37 97 1 1 15 4 86 23 56 78 89 33 80 24 1 27 75 5 68 64 91 50 44 73 37 62 5 60 31 31 15 70 69 28 50 55 30 58 1 46 98 41 50 82 66 97 81 65 33 15 60 38 45 61 44 38 71 60 62 54 72 5 89 96 20 26 73 57 6 45 37 85 93 60 55 79 65 89 32 96 72 93 67 56 16 98 90 17 50 63 64 11 25 22 80 41 51 87 84 30 71 49 54 31 96
360
180
60 88 69 42 1 87 3 39 96 76 62 13 66 14 5 79 86 23 35 16 3 4 27 19 49 51 29 80 92 50 13 46 58 3 43 75 48 90 55 58 44 23 97 71 69 62 34 74 68 22 2 21 84 95 52 80 29 36 9 96 82 95 30 80 7 38 3 29 67 34 42 35 3 9 43 63 54 78 66 78 59 83 4 34 7 69 80 3 5 79 79 36 87 16 85 5 92 71 22 75 52 22 36 67 40 61 43 75 62 14 51 60 80 24 100 29 56 96 26 55 80 49 66 72 79 25 38 24 52 9 22 92 93 82 98 57 35 89 1 77 24 56 17 38 5 6 18 94 53 22 36 70 36 44 22 2 67 63 60 19 17 6 70 69 71 38 54 34 10 12 35 65 38 14 3 9 47 50 100 54
370
185
47 72 69 87 10 56 6 69 76 52 62 9 16 17 85 26 95 4 40 7 33 99 40 98 34 25 85 97 66 58 28 56 22 42 60 59 49 10 34 64 56 81 16 14 71 13 28 34 45 78 34 95 24 7 10 30 38 15 41 13 14 87 57 100 86 100 55 44 33 100 56 23 100 41 66 10 55 88 39 4 48 89 89 63 48 72 45 91 9 43 65 77 85 46 45 4 78 71 47 100 89 24 92 89 73 52 24 7 24 94 63 34 10 66 43 8 2 4 69 21 7 60 34 93 90 44 87 78 74 51 39 53 67 50 7 93 5 90 13 99 53 81 49 54 79 35 86 87 42 46 71 69 31 18 94 75 17 37 7 76 43 2 86 41 25 7 96 80 65 50 97 20 19 37 67 23 28 52 49 25 34 24 1 11 91
380
190
55 35 5 38 91 61 59 24 42 45 82 38 39 25 17 34 24 30 13 93 8 24 97 72 25 7 69 1 79 65 19 32 69 89 48 63 26 27 73 51 21 61 57 12 57 26 28 16 80 71 6 56 60 28 83 73 11 43 25 19 21 60 49 50 93 89 67 78 3 70 78 84 56 52 54 47 2 4 30 16 63 11 39 86 89 31 76 79 43 24 81 62 18 90 25 63 27 49 12 57 75 39 70 94 43 36 44 44 34 11 46 62 5 95 29 24 25 20 87 22 57 6 48 67 75 15 85 37 72 85 58 37 60 26 83 5 83 67 65 9 55 3 67 18 96 100 12 36 45 73 43 58 10 51 72 83 62 49 18 84 88 44 12 6 39 84 88 20 57 19 25 49 75 18 16 57 71 2 19 17 86 12 7 77 49 82 39 43 66 50
390
195
43 97 56 82 29 81 96 45 47 69 71 2 38 74 18 39 35 60 100 97 87 86 12 95 33 63 19 15 24 9 62 93 9 17 50 60 2 3 66 98 67 55 38 59 32 55 62 17 75 96 78 36 84 19 1 33 12 70 11 2 85 59 22 58 100 30 39 79 58 75 66 96 20 27 37 77 70 46 24 6 32 62 55 21 39 84 92 1 7 81 98 3 45 8 25 2 78 49 86 87 37 98 30 27 95 62 19 64 51 1 5 60 16 77 23 73 15 43 27 46 3 66 70 60 47 48 76 74 83 89 74 8 27 20 10 81 47 97 70 54 58 92 61 45 62 42 56 64 49 31 56 21 86 23 34 37 25 96 46 36 83 52 33 93 95 33 5 70 71 56 34 47 66 8 70 99 90 38 20 86 39 3 45 17 56 34 25 84 48 43 43 74 99 21 94
400
200
83 52 91 68 55 38 97 91 57 5 68 46 14 84 58 54 47 1 68 19 1 45 3 97 16 19 42 64 60 75 44 31 35 26 26 85 67 3 5 19 14 92 85 8 62 28 80 54 41 83 19 76 17 75 27 40 9 33 5 45 60 38 53 34 19 67 13 13 80 12 98 66 83 48 1 34 45 82 91 51 94 70 50 81 63 19 27 53 86 84 63 51 44 65 92 20 97 13 98 23 22 33 74 95 64 3 89 79 42 92 70 47 88 90 83 40 20 95 6 69 10 99 66 10 11 12 76 72 81 13 33 81 72 42 80 15 83 56 82 4 34 87 96 64 43 50 17 93 93 42 9 96 62 48 11 75 71 58 28 96 64 69 11 87 22 18 49 82 16 1 88 7 52 66 76 26 40 22 7 69 66 87 35 33 44 59 35 11 100 16 75 26 62 74 41 74 34 51 65 33
410
205
39 74 52 71 43 90 17 63 66 34 53 95 63 50 66 58 10 64 74 89 34 96 91 53 93 23 42 99 55 10 48 42 57 8 2 98 6 9 43 90 82 78 46 41 97 27 37 50 33 1 98 37 52 8 14 14 3 44 68 6 8 31 58 42 30 76 3 68 16 24 21 60 64 47 5 4 68 61 57 11 88 14 27 66 80 35 3 31 61 16 27 82 51 12 51 58 86 66 62 1 15 37 67 67 7 56 35 76 65 64 64 16 92 17 54 30 88 66 57 51 7 33 57 21 57 91 61 13 67 57 88 90 48 52 10 30 20 90 86 97 36 62 38 61 53 95 80 91 23 100 5 52 83 99 69 49 87 82 83 98 96 12 44 19 66 8 97 3 89 53 92 21 70 96 52 37 2 60 86 8 98 36 55 24 87 91 73 88 14 42 13 79 58 25 7 15 7 82 35 33 59 69 71 46 54
420
210
72 60 43 85 49 95 70 98 24 24 42 88 74 32 33 41 85 42 61 39 70 6 93 88 100 56 7 80 68 48 7 13 85 22 83 48 27 92 51 13 46 3 24 12 85 75 73 52 11 96 40 37 5 52 12 26 61 7 51 86 93 78 73 41 89 87 36 93 52 28 38 91 71 36 92 44 37 72 98 19 22 7 60 74 44 86 54 41 55 64 80 22 94 21 77 18 88 51 48 37 58 97 22 78 74 39 39 10 49 88 42 13 23 12 86 77 58 52 64 79 27 55 46 23 26 5 5 99 14 32 33 20 41 9 96 83 44 58 97 64 89 30 56 44 51 11 45 55 7 67 92 78 27 7 17 93 68 55 1 87 72 24 97 25 30 79 24 13 88 90 32 77 94 100 62 58 48 81 97 81 96 91 92 76 11 91 11 11 86 63 29 43 6 59 80 46 88 29 38 1 42 38 31 99 43 66 88 64 8 30
430
215
99 28 23 53 12 53 42 35 80 42 5 90 92 28 55 43 34 25 19 78 77 91 75 38 99 74 51 22 63 10 31 22 64 31 40 38 57 98 22 5 55 19 17 53 49 11 54 53 60 15 57 86 84 49 8 21 13 73 60 12 28 81 36 44 39 3 24 14 32 56 71 93 19 59 17 59 14 54 38 29 56 36 46 47 45 42 80 95 13 27 36 67 58 14 90 39 30 28 73 40 63 85 61 62 68 3 98 59 81 18 55 47 53 11 19 66 3 74 55 5 76 63 81 24 88 22 98 24 8 52 85 76 58 70 35 24 55 26 76 47 4 8 78 22 97 95 90 56 21 59 45 62 95 69 45 95 94 63 15 63 92 38 43 8 36 78 69 5 6 95 98 72 66 98 36 96 64 53 9 10 39 86 58 66 80 19 57 62 100 21 62 5 79 5 71 29 52 97 44 89 27 77 50 51 45 49 98 43 87 29 86 10 2 10 80
440
220
37 12 77 81 100 76 62 61 20 78 87 73 56 77 93 15 53 4 89 77 43 77 26 4 36 78 54 46 74 80 89 10 60 84 91 29 61 45 87 6 99 72 88 57 54 63 92 4 98 34 48 98 61 100 65 21 89 96 55 76 17 13 22 15 36 97 86 71 93 78 92 87 67 96 50 9 49 7 53 52 38 79 49 91 43 58 100 8 80 69 35 21 7 18 21 72 75 41 27 26 72 82 84 33 79 16 26 1 40 6 83 2 7 51 13 78 69 46 94 99 94 73 61 35 17 36 75 5 12 12 8 92 26 27 67 45 23 98 71 30 79 22 47 28 88 90 22 6 97 80 54 15 10 18 79 87 62 57 25 57 25 62 27 24 91 11 92 12 66 38 87 73 30 72 57 86 45 37 52 79 57 3 56 49 34 62 64 17 13 30 59 4 25 14 66 19 94 13 57 29 37 7 48 100 64 36 78 27 99 5 66 84 3 23 82 15 7 24 67 29
450
225
29 2 37 20 79 17 88 62 4 19 77 65 83 29 87 50 29 23 78 26 96 94 75 42 71 90 82 9 70 93 94 65 100 41 98 89 51 53 27 1 97 76 73 57 12 25 14 37 73 32 91 58 92 20 97 30 74 22 18 26 45 76 66 72 4 74 7 7 15 88 29 32 98 94 29 58 68 59 86 87 97 27 11 17 84 42 26 28 48 4 74 99 29 48 71 44 56 47 36 14 80 92 56 87 68 72 69 13 18 3 29 50 51 78 89 47 27 50 51 6 74 69 96 10 47 22 40 22 77 100 72 18 24 97 52 87 48 56 27 25 21 36 71 56 75 92 48 90 85 75 16 5 5 75 34 93 42 21 73 58 19 15 92 39 75 87 81 66 56 49 28 63 63 86 8 48 3 78 91 46 42 20 76 95 16 13 44 16 93 81 34 100 3 16 77 91 22 51 70 40 1 94 94 44 42 92 37 15 93 70 65 3 23 40 18 25 97 68 34 18 16 53 7 9 51
460
230
4 70 57 54 56 92 36 21 59 40 7 44 7 6 38 63 40 94 41 84 82 98 68 30 62 84 21 2 53 47 13 24 1 100 70 36 6 31 82 41 94 59 56 62 7 39 54 75 91 85 32 25 10 92 12 99 24 5 100 35 96 27 48 91 59 42 19 52 9 96 66 30 88 20 22 2 24 10 88 78 16 27 46 60 9 80 23 85 71 95 61 41 6 96 67 12 37 90 45 20 38 7 48 32 99 31 17 15 9 56 74 28 88 68 92 56 86 37 83 89 30 50 38 5 3 36 74 63 66 56 74 1 81 66 73 41 43 72 40 9 88 10 66 53 78 52 22 72 82 47 69 46 74 5 61 100 61 45 62 23 36 93 6 82 35 19 98 7 8 66 30 13 26 28 2 42 16 20 10 21 91 21 40 8 26 93 56 78 35 14 93 25 35 53 39 18 75 56 17 84 85 49 12 70 37 88 13 78 52 62 8 6 55 97 76 81 41 79 80 40 23 3 76 24 33 65 41 8 77 51
470
235
99 34 16 28 90 1 79 89 37 36 47 73 66 46 32 87 7 36 81 5 59 19 68 33 60 93 56 65 32 77 43 50 54 98 14 87 86 74 26 29 78 10 70 85 59 41 4 56 13 31 60 69 76 54 66 76 55 60 9 30 48 28 61 75 60 34 23 18 51 94 76 37 46 10 96 40 20 13 70 26 33 96 92 69 68 25 5 91 93 28 91 34 70 19 57 43 47 18 59 33 90 17 53 35 11 67 40 7 11 93 14 82 57 53 19 78 85 11 4 14 31 18 85 31 28 71 96 54 10 70 4 66 53 73 44 60 91 20 44 72 37 10 64 100 1 81 12 77 67 24 64 96 54 9 18 38 76 94 34 88 15 83 10 95 46 18 92 33 74 12 27 66 17 23 96 19 88 44 16 2 73 17 11 44 38 3 39 37 49 76 55 7 98 42 81 35 92 89 11 80 47 71 17 74 69 81 8 26 8 15 63 40 12 79 25 62 94 23 57 86 47 36 85 58 85 28 51 2 96 93 75 21 31 25 29
480
240
63 76 38 78 18 25 6 100 11 43 12 73 40 71 22 43 41 22 37 33 46 71 57 51 55 81 9 53 52 20 2 75 90 49 83 47 32 28 5 65 31 58 31 43 44 47 27 61 73 96 40 60 34 72 37 9 48 16 33 15 60 41 95 77 71 83 95 100 98 30 18 45 36 30 42 26 59 83 47 6 19 20 13 45 74 44 77 3 70 100 53 84 93 83 55 47 57 41 94 77 57 89 48 95 88 87 93 23 36 89 95 29 25 69 84 93 35 8 1 53 1 40 85 26 44 61 14 13 98 58 90 8 24 73 85 19 20 10 96 70 95 78 47 75 20 95 90 73 14 44 28 68 64 40 7 15 78 69 20 98 26 85 49 37 28 71 98 44 94 14 61 7 86 54 88 97 63 33 74 66 38 33 90 38 49 49 25 84 85 16 99 73 47 73 95 45 47 68 81 77 69 53 93 60 70 47 34 62 79 90 11 39 29 1 71 87 42 66 35 40 8 53 5 57 17 13 46 68 23 78 36 89 33 69 65 72 43 91 20 11
490
245
83 19 62 31 10 9 69 83 80 79 16 8 55 55 15 59 47 85 33 95 78 67 20 63 56 56 19 70 68 54 12 42 87 8 65 40 60 44 87 17 21 66 41 80 39 87 52 29 62 48 33 76 85 25 82 34 70 80 76 66 59 29 41 15 1 5 81 11 60 34 94 30 66 34 25 65 7 20 49 56 79 52 84 55 2 31 41 42 66 17 12 77 16 11 20 74 59 10 39 82 39 93 97 11 32 76 96 83 41 65 14 15 27 14 70 25 53 65 33 25 10 6 2 5 35 32 28 3 3 20 12 85 13 78 4 44 81 33 62 55 71 12 31 83 60 100 93 17 17 79 39 28 15 44 47 18 8 18 54 12 89 52 90 73 80 42 71 74 4 76 56 17 98 9 74 2 62 46 90 93 81 12 70 7 100 42 18 44 10 80 13 88 55 43 75 73 73 36 67 44 16 4 23 9 95 1 98 62 50 18 21 41 83 16 29 27 87 20 6 39 15 25 8 49 69 98 59 28 49 21 32 83 64 13 77 57 94 45 21 97 87 6 63 2 58
500
250
51 96 55 64 41 63 40 31 3 81 80 76 98 5 100 42 86 8 81 72 77 48 52 4 15 98 76 22 25 67 12 54 82 51 11 100 94 21 19 80 46 93 60 87 86 86 42 12 9 27 8 55 81 8 47 28 94 99 79 78 57 19 95 13 28 42 80 68 59 33 19 31 77 35 23 97 62 49 65 77 45 65 16 8 19 52 93 69 54 42 43 69 9 67 6 91 7 12 93 37 90 31 55 60 55 65 98 29 79 56 76 40 23 92 24 30 83 48 77 96 34 47 7 9 15 27 95 55 100 99 35 68 52 25 14 71 70 11 70 9 23 67 71 58 60 5 33 73 36 75 76 53 86 99 18 43 99 1 80 11 34 23 49 97 77 58 58 81 26 96 47 12 89 9 11 11 2 93 14 79 62 79 3 77 54 23 6 21 41 34 5 26 20 18 8 4 35 4 85 26 12 60 8 90 17 20 12 65 74 4 72 44 96 3 78 9 29 88 69 7 50 94 88 11 83 50 15 39 11 41 46 68 67 22 15 24 74 12 58 74 38 84 12 99 86 14 7 35 25 68
510
255
61 14 1 2 48 19 32 89 26 92 50 97 50 82 36 91 87 76 88 36 21 47 38 62 4 83 12 52 84 87 36 2 94 77 97 28 26 21 49 48 13 4 52 99 10 63 37 66 95 89 49 25 48 48 82 35 75 75 51 16 21 19 16 77 67 19 27 92 46 86 40 11 18 46 1 19 39 47 92 100 42 26 86 9 99 7 39 11 81 81 97 26 46 78 74 84 22 30 43 9 86 62 45 85 3 98 61 84 27 33 82 28 50 49 100 28 63 22 71 56 78 50 83 40 72 96 64 100 9 93 95 27 71 81 96 26 6 1 37 68 9 21 47 51 16 100 24 51 50 59 10 12 16 66 76 19 67 53 96 20 57 63 79 20 20 49 18 22 63 42 69 86 92 90 54 1 62 81 74 30 67 48 47 65 99 73 58 40 55 10 14 12 56 24 63 60 93 95 96 77 48 55 36 71 62 6 66 58 66 22 91 50 10 79 15 39 29 92 20 84 67 75 2 38 71 30 94 83 69 72 72 22 33 56 28 87 66 5 17 73 11 41 6 36 17 27 76 92 89 62 42 17 5 26 14
520
260
25 57 8 65 85 91 1 30 78 49 72 11 89 87 36 49 76 12 50 11 84 87 58 87 65 70 53 93 16 60 22 78 88 98 61 11 38 18 99 54 86 47 71 54 36 79 91 16 76 78 76 9 18 19 85 63 88 59 87 66 99 28 76 75 69 24 32 25 34 27 41 48 78 3 37 79 79 72 47 52 100 96 40 87 18 16 47 42 100 50 69 79 32 38 49 51 50 2 16 73 92 100 43 16 26 27 11 17 61 36 54 11 46 40 21 80 9 79 99 7 93 23 44 94 94 27 95 65 74 42 26 62 94 6 54 77 93 37 45 35 73 98 12 83 74 19 65 61 18 55 65 35 43 39 62 4 51 44 65 89 57 9 85 47 49 3 77 42 60 54 7 44 27 56 2 29 23 64 9 41 7 16 84 21 29 44 47 41 30 33 70 28 3 54 39 87 36 10 13 93 77 86 50 24 29 13 68 88 30 32 60 59 85 23 89 80 36 19 67 93 53 19 16 39 8 74 55 62 9 69 28 98 5 84 31 1 11 97 49 10 58 54 32 16 51 70 90 98 95 76 66 90 25 20 92 25 21 73 31 26
530
265
68 16 61 61 30 54 77 8 4 26 67 86 4 26 45 17 35 67 36 38 22 7 33 48 71 41 8 77 22 96 27 60 63 56 11 43 2 64 53 100 50 18 54 10 37 38 65 62 76 87 46 21 25 62 52 72 58 87 51 96 43 77 25 48 94 96 9 33 99 38 11 21 74 38 93 99 24 58 14 4 2 53 67 49 41 63 91 36 6 38 74 79 55 85 87 78 27 17 69 40 1 53 63 9 74 71 72 60 77 41 90 87 91 68 3 60 93 75 39 7 58 99 20 18 98 67 11 73 45 12 97 47 75 67 41 85 58 82 73 94 20 70 58 63 95 84 68 50 40 55 85 26 38 71 21 36 18 30 47 39 52 59 48 44 13 22 66 36 97 13 82 30 86 62 62 13 78 28 57 55 88 13 40 92 76 26 56 19 99 65 24 48 36 5 78 28 89 91 69 55 91 35 59 28 30 32 24 32 71 82 42 41 66 7 99 46 93 14 29 44 89 83 99 61 15 70 10 67 86 59 25 46 53 46 58 40 68 93 11 70 61 67 82 95 30 16 67 81 27 73 84 42 89 1 67 38 17 26 100 57 83 45 17 80 95
540
270
58 6 2 91 82 90 36 47 5 37 93 39 2 24 75 72 92 28 54 56 33 42 31 77 81 22 45 61 70 47 19 70 51 58 99 56 56 63 76 26 96 100 96 85 55 44 2 73 22 80 61 70 37 47 53 22 81 41 97 96 41 4 81 5 58 51 100 90 93 80 93 11 64 34 60 66 96 32 92 80 79 13 72 69 7 79 62 38 94 66 32 8 14 40 17 56 13 76 20 17 71 4 37 73 39 84 32 84 8 26 40 50 52 50 9 37 17 66 52 75 43 17 91 31 21 29 41 83 70 55 45 51 49 57 96 47 56 80 57 95 37 8 47 50 58 46 20 54 55 68 16 75 81 3 30 93 91 95 62 71 38 29 92 85 4 54 29 83 12 100 91 40 6 70 43 73 17 96 64 59 38 81 4 89 35 87 96 91 39 4 15 5 51 93 63 81 7 59 90 55 72 74 30 65 71 74 57 26 22 99 53 18 93 93 77 36 35 95 82 41 81 16 77 92 99 56 45 69 37 7 18 96 54 96 85 50 88 24 63 32 3 61 28 3 68 54 73 53 69 91 20 16 60 47 75 73 50 32 67 13 63 44 37 4 34 3 94 18 100 70
550
275
13 3 59 65 90 33 24 94 87 53 29 97 42 66 56 94 94 51 79 28 8 33 86 30 34 62 100 11 70 9 18 43 24 2 21 54 11 74 53 46 95 32 70 87 66 14 96 95 46 76 81 24 69 28 97 85 22 52 77 72 7 60 82 80 45 12 64 84 82 4 26 91 87 23 2 7 39 3 79 58 33 15 58 37 95 44 13 4 59 92 92 45 86 69 78 4 51 63 68 2 21 30 60 97 27 36 46 13 13 53 11 82 61 89 21 24 19 69 81 74 11 63 49 22 93 48 14 85 36 86 56 63 100 48 13 7 17 87 21 11 71 46 63 88 75 2 8 1 93 64 45 92 84 76 93 88 57 73 99 18 7 25 38 4 2 46 16 67 15 37 43 7 89 63 6 68 99 66 23 99 73 32 19 37 49 40 46 77 89 87 46 61 37 71 50 73 21 25 17 28 52 62 11 79 36 30 20 4 60 80 85 4 14 77 37 42 100 68 90 44 22 12 52 79 58 17 7 12 15 30 66 63 15 29 91 57 62 74 11 23 72 33 100 88 76 43 60 23 61 85 74 36 37 100 29 91 34 24 45 55 49 11 19 39 89 62 35 47 3 15 100 87 22 37 56
560
280
14 49 22 8 69 42 46 61 38 36 50 50 29 63 73 62 24 14 59 13 3 89 43 8 60 64 70 47 86 56 14 83 46 84 39 68 4 15 81 10 21 71 51 13 30 55 30 43 72 100 97 65 78 10 99 65 2 85 73 81 33 30 97 99 64 5 98 29 47 51 64 3 7 28 78 50 29 95 99 98 50 15 26 41 58 33 81 29 71 15 57 85 85 74 11 10 22 58 61 3 54 68 11 43 44 94 70 44 7 58 35 59 92 4 96 36 22 42 83 33 62 77 13 57 64 53 29 85 54 52 49 82 15 93 19 87 6 97 25 32 71 78 46 71 94 93 96 95 67 6 26 39 12 71 76 3 96 24 19 71 95 80 84 96 51 18 92 50 72 7 41 74 54 59 5 74 45 96 53 15 66 26 17 28 54 31 64 6 97 7 100 19 41 2 54 7 67 30 87 80 8 61 6 13 56 13 9 43 11 92 89 45 64 58 56 79 44 85 61 91 29 96 32 11 57 61 19 47 89 7 7 9 11 35 44 96 7 48 90 12 98 71 24 12 5 51 12 50 30 30 20 46 34 48 74 38 50 51 93 19 99 74 50 5 60 15 32 60 12 24 12 31 49 50 98 50 72 90 16 81
570
285
74 54 17 48 45 6 18 12 70 88 31 54 5 45 4 43 74 97 47 25 69 75 42 15 28 45 60 8 61 21 30 15 49 40 35 47 93 95 28 64 36 4 41 20 72 19 42 80 50 9 44 94 74 23 51 11 11 9 82 9 91 23 14 24 71 37 90 62 30 24 44 97 94 11 29 38 39 72 5 81 60 7 6 93 86 73 32 59 3 86 11 48 12 29 30 68 57 2 76 49 59 49 63 19 64 56 79 57 3 58 53 47 55 77 8 59 7 19 34 64 17 41 67 13 58 98 40 18 6 81 67 1 57 59 78 65 39 17 77 17 87 11 97 21 25 44 24 24 65 33 62 16 53 27 37 1 92 34 70 78 6 79 4 42 71 39 90 9 94 44 17 43 30 23 93 80 54 96 60 79 20 1 65 59 12 5 11 27 14 43 66 69 56 28 92 43 26 73 55 77 38 95 81 53 25 75 77 11 89 55 55 17 39 54 94 73 8 40 22 90 1 16 89 4 25 55 62 50 53 33 93 91 38 9 81 95 66 47 45 88 18 19 20 97 100 61 9 43 22 88 19 43 8 31 57 85 64 14 81 68 92 46 38 85 25 93 86 26 38 1 51 11 8 88 93 52 62 58 8 44 12 38 8 69 50
580
290
16 55 84 31 62 80 94 22 38 68 9 18 22 60 31 40 2 40 33 49 91 30 29 18 19 66 11 48 12 34 57 91 53 39 58 60 36 18 35 14 48 12 23 95 83 48 52 76 66 72 4 82 62 52 49 91 53 88 47 69 79 38 26 57 65 36 99 29 69 37 53 84 14 35 40 85 65 100 12 15 30 91 96 49 34 9 11 68 38 44 19 16 28 32 70 62 46 45 85 88 54 92 29 97 35 51 23 2 44 50 41 85 19 95 18 98 99 38 87 42 77 41 21 94 55 42 77 63 81 22 60 89 85 3 6 9 44 32 75 98 30 93 60 89 25 34 69 69 70 9 59 83 5 89 67 11 10 20 73 45 43 1 98 26 85 19 17 63 19 2 63 23 63 52 78 21 92 98 52 21 95 57 50 60 79 7 34 26 15 4 24 94 52 6 3 62 41 100 25 90 15 17 44 92 46 50 4 46 9 49 23 98 11 71 33 35 57 10 50 12 95 57 39 4 69 25 30 65 55 5 59 84 81 61 97 41 37 6 57 47 78 50 87 63 83 33 26 51 65 41 97 78 77 86 8 86 1 22 78 18 27 60 59 37 82 67 65 4 56 27 7 76 35 73 52 39 74 1 20 69 13 43 58 36 63 29 34 16 29 82
590
295
43 82 13 72 100 23 95 23 65 75 21 74 51 87 4 41 91 29 37 69 2 84 72 65 23 45 78 36 12 11 72 11 59 45 81 54 46 21 2 91 74 33 19 1 58 22 91 45 51 52 9 89 93 39 55 88 78 86 88 19 51 20 79 17 12 92 40 43 67 14 11 95 41 88 11 86 95 5 9 73 41 39 41 81 28 11 1 70 36 59 14 68 85 18 62 81 47 64 16 1 84 53 33 62 41 76 56 47 42 73 41 25 56 40 51 2 28 43 33 71 74 9 6 25 39 27 57 47 48 65 45 92 75 57 85 53 40 78 97 34 68 41 33 9 67 49 49 10 94 83 3 78 54 81 50 43 2 92 62 31 27 71 61 40 32 98 47 71 37 1 72 19 89 98 63 5 87 91 69 62 22 67 43 82 19 41 49 10 28 90 100 19 58 26 83 66 69 44 10 75 29 79 99 25 61 67 83 63 51 9 63 9 37 55 99 6 82 44 84 24 74 4 76 97 10 65 46 79 24 96 98 93 33 29 31 27 51 62 54 7 94 38 45 22 80 19 4 13 18 88 53 94 83 95 49 13 15 12 50 44 2 68 40 6 61 23 64 24 37 41 26 90 11 43 44 34 56 77 1 71 56 59 96 75 26 63 50 31 52 77 32 69 94 13 46
600
300
18 32 2 54 51 12 32 52 33 59 94 99 65 82 50 39 67 72 35 10 26 97 14 20 52 74 3 75 93 17 37 71 67 92 4 59 22 69 53 39 24 45 13 22 72 95 98 5 37 13 97 4 28 1 93 46 7 92 70 71 83 57 19 51 23 46 62 36 26 84 57 86 97 15 79 7 79 45 73 21 24 66 11 57 1 32 92 56 82 40 2 37 33 64 58 46 75 63 29 18 35 16 7 13 47 72 85 76 7 30 13 35 46 78 17 36 44 45 82 89 23 76 14 10 23 51 39 34 57 60 50 2 46 3 20 45 68 56 47 56 19 52 89 60 89 53 43 30 94 60 64 97 50 58 99 48 80 1 29 79 47 98 17 41 38 40 93 76 60 41 37 22 51 96 95 19 17 46 92 73 67 75 36 52 75 62 60 65 100 7 81 100 13 12 88 55 20 89 79 81 50 77 98 36 3 78 80 50 12 26 63 3 15 80 50 49 29 86 22 50 56 45 2 28 42 22 99 19 21 76 55 2 87 69 45 29 99 100 55 46 37 26 77 33 100 21 46 32 88 63 69 36 66 1 93 88 53 17 61 1 98 99 33 79 90 38 28 36 10 84 71 94 74 70 12 67 54 83 97 43 42 18 40 34 26 82 80 19 20 42 87 82 60 66 74 67 15 86 78 66
610
305
72 43 87 6 40 6 7 5 100 31 11 64 19 68 85 71 83 37 27 23 85 59 47 50 64 49 91 3 6 56 45 81 56 77 1 98 13 55 34 70 93 100 90 91 2 3 87 4 70 11 42 26 99 13 46 15 58 74 46 77 20 80 68 15 73 48 94 46 53 92 98 78 81 54 89 68 18 17 35 97 61 9 95 100 93 48 80 31 69 89 22 91 84 48 15 21 77 33 42 47 51 61 10 100 9 42 71 53 6 77 49 51 4 12 25 72 60 4 88 54 65 79 27 35 47 24 53 23 30 27 24 46 65 77 27 14 74 10 82 19 39 71 100 19 6 56 33 35 78 90 80 58 92 83 100 77 97 25 91 81 12 97 34 47 22 17 41 41 52 7 10 22 22 98 95 73 68 71 69 80 28 75 16 9 58 56 3 92 51 5 61 79 5 37 44 6 52 92 13 9 71 51 22 11 10 33 5 88 61 71 39 33 2 41 18 45 32 5 72 68 79 90 80 61 59 96 82 29 23 80 98 60 48 91 94 77 46 95 32 86 84 64 20 69 68 77 59 14 19 43 73 56 34 100 25 48 81 96 56 55 67 55 1 46 63 65 99 85 23 81 9 82 79 26 77 78 59 62 47 16 1 59 75 68 77 79 43 7 22 52 40 33 57 14 91 38 58 82 69 15 54 51 82 45 33
620
310
80 11 99 43 68 30 66 93 5 28 58 25 2 96 34 26 73 20 26 32 20 75 12 3 89 61 39 58 41 2 90 93 18 69 67 92 90 89 65 40 81 82 34 42 8 92 90 25 21 100 19 26 21 95 32 62 61 73 19 53 96 12 32 18 32 53 42 89 12 3 95 68 68 33 72 93 51 97 89 96 82 98 6 71 97 7 33 23 67 28 15 26 38 35 5 81 81 90 30 45 33 44 16 22 34 18 80 55 100 98 94 41 55 40 3 34 96 51 2 87 29 17 86 34 43 38 74 71 53 8 100 72 46 42 14 6 74 71 69 49 77 38 26 48 12 74 45 39 78 83 27 58 13 98 100 49 56 62 86 8 78 92 30 77 66 78 8 14 25 79 22 24 75 60 18 58 43 11 47 18 82 73 64 97 51 59 34 44 9 13 56 57 88 66 43 44 9 30 33 35 75 42 39 98 11 2 93 21 53 80 4 46 8 28 52 51 65 15 99 25 50 90 48 31 9 34 37 37 97 31 24 6 78 22 6 46 1 25 38 35 39 19 22 57 70 26 60 59 85 97 52 66 85 44 93 60 14 19 99 27 73 93 72 94 46 63 28 87 46 43 84 66 21 45 10 98 18 87 17 100 6 15 57 37 52 82 74 64 5 27 5 29 89 22 11 30 64 74 23 85 46 78 19 95 26 24 94 37 90 84
630
315
32 92 9 44 10 65 44 82 6 32 5 88 42 65 23 70 68 90 74 89 67 76 98 54 39 12 71 76 16 63 77 14 52 56 77 5 26 33 94 22 80 68 51 42 60 40 91 20 45 85 66 72 8 1 83 26 66 26 42 26 59 22 5 50 65 89 92 67 84 99 20 13 19 50 11 33 49 69 82 76 25 56 13 27 38 45 1 85 100 92 63 3 70 37 23 59 70 46 39 47 56 72 3 28 52 80 58 14 44 71 26 57 97 73 87 9 21 26 92 26 17 41 44 36 18 16 35 56 87 78 53 79 26 13 48 48 95 26 83 42 35 85 7 65 58 89 61 20 85 59 84 34 57 26 19 80 50 35 89 77 39 32 63 6 59 38 41 64 72 92 65 60 80 68 23 22 67 34 60 4 89 82 99 38 3 49 83 36 90 95 15 44 13 63 58 88 100 71 36 43 2 75 71 37 23 43 6 19 12 26 5 55 55 2 97 60 66 10 28 67 26 3 35 24 90 54 95 26 25 2 58 98 8 2 27 10 27 71 11 44 58 50 40 89 2 99 97 10 58 31 89 65 22 35 79 54 68 67 38 44 57 92 37 10 9 39 69 56 26 4 35 33 56 18 16 11 46 20 43 78 7 11 96 28 51 8 98 32 69 67 6 37 89 73 19 77 8 18 49 99 24 72 91 24 92 72 34 69 12 23 80 69 31 37 29
640
320
3 38 72 29 57 23 64 53 70 92 30 14 82 83 41 96 23 100 45 78 52 10 61 23 37 5 89 88 67 78 68 5 85 91 11 4 16 18 1 54 73 25 89 19 55 88 98 87 74 11 51 4 29 57 39 65 31 20 100 72 97 72 65 40 14 47 77 15 63 5 76 31 13 19 76 55 68 44 68 73 86 48 15 93 96 5 16 64 44 6 77 12 36 9 31 73 83 96 11 27 7 95 54 90 43 87 43 76 85 1 81 72 65 74 80 1 43 76 41 85 16 30 100 15 46 40 13 87 79 92 36 100 37 38 3 83 51 98 75 55 79 32 2 52 16 4 91 18 34 46 51 7 100 69 34 95 12 22 53 33 96 35 9 29 70 39 96 30 43 51 78 87 2 92 8 99 95 95 8 95 98 16 47 51 21 66 70 93 38 40 6 26 34 42 19 37 59 58 76 42 35 49 18 55 57 62 87 57 95 47 86 32 33 57 95 59 57 39 11 63 2 18 3 87 69 58 10 79 57 27 78 41 12 91 50 4 99 41 85 68 57 59 100 93 54 100 40 73 5 59 94 2 80 9 71 85 79 74 59 58 23 23 43 25 1 74 68 90 43 76 67 99 79 65 39 57 76 42 37 15 7 32 31 88 53 13 2 49 60 67 80 67 71 83 41 88 86 75 16 43 94 43 10 20 40 79 20 6 3 41 24 46 92 58 31 17 25 29 77 98
650
325
25 43 61 75 78 64 38 55 54 67 8 43 58 27 96 21 50 67 16 1 36 76 13 45 40 62 11 89 87 65 34 97 13 44 32 61 55 27 21 47 92 54 53 1 31 15 94 35 86 77 24 50 19 54 53 19 41 75 71 8 90 51 8 56 96 71 74 42 14 27 26 70 43 35 78 27 24 10 90 13 88 58 28 24 88 71 87 1 62 4 86 84 100 61 25 87 99 13 35 94 26 33 58 92 1 28 29 77 41 94 40 36 5 17 28 81 55 97 99 78 9 47 24 28 94 20 79 82 46 99 11 68 88 4 64 78 41 99 31 67 55 39 22 82 65 32 22 25 13 18 81 12 64 100 66 86 53 32 83 40 48 90 42 91 7 66 77 81 69 23 53 52 31 81 11 37 63 46 46 48 77 42 79 28 36 27 98 43 12 36 65 44 1 3 27 37 35 65 85 34 99 52 63 34 34 6 46 16 36 98 42 34 87 41 87 40 81 98 78 95 69 93 44 86 94 81 95 87 23 4 16 59 46 2 43 48 4 1 9 9 29 61 72 93 64 46 36 5 9 5 5 39 17 26 63 76 70 91 47 82 7 20 7 2 31 16 8 11 58 32 5 92 77 22 65 62 29 98 26 20 5 29 10 15 35 6 57 87 36 89 48 24 57 33 70 37 67 23 5 62 41 52 84 28 29 91 27 85 46 56 29 88 43 24 64 17 67 5 77 55 28 51 15 60 55
660
330
2 81 8 76 29 7 73 44 22 80 25 53 40 60 68 65 81 50 99 55 57 44 76 53 60 47 39 42 63 12 37 28 50 48 53 60 3 66 18 17 1 1 46 5 64 69 31 89 88 60 60 82 94 98 81 33 6 1 60 86 9 41 94 60 82 62 72 15 92 32 26 62 6 85 66 6 7 99 58 90 75 33 98 71 75 66 55 23 99 21 56 99 17 24 2 10 66 70 2 93 5 22 34 14 49 78 88 24 40 72 39 29 9 55 80 19 48 29 94 16 34 65 66 68 49 56 90 85 66 81 57 32 25 18 62 16 78 57 17 41 99 14 66 43 52 26 28 52 9 51 43 55 58 16 98 18 35 83 87 17 73 1 55 81 71 92 29 45 91 60 62 57 61 13 22 76 13 91 57 34 93 49 90 94 57 27 80 50 30 92 1 88 45 53 75 72 78 48 21 37 42 11 6 20 88 12 100 98 95 79 14 69 28 59 53 63 31 99 80 41 46 66 32 22 37 57 11 75 83 41 51 79 6 55 69 7 57 16 71 47 82 75 58 78 68 45 53 13 93 15 71 9 10 29 51 22 42 22 77 36 50 62 81 29 58 86 5 46 61 20 84 76 43 21 32 100 48 46 46 63 49 8 82 26 34 90 23 63 1 73 48 6 16 67 60 75 82 86 2 62 87 78 75 47 62 31 89 62 3 42 22 16 11 91 3 80 63 72 11 69 93 74 74 87 46 44 9 93 65 49
670
335
95 29 12 6 25 25 27 57 66 33 49 69 89 78 71 74 1 77 81 69 36 14 61 11 99 28 98 63 45 35 87 97 92 11 87 33 11 4 12 57 9 3 61 75 97 11 11 84 46 52 68 49 53 76 16 56 77 32 22 65 40 80 42 79 71 70 8 15 81 7 17 75 43 5 15 57 99 51 27 73 6 45 7 52 80 99 88 93 84 63 99 91 3 99 43 64 84 93 95 18 2 31 61 94 39 34 22 77 54 53 73 4 80 58 62 86 22 43 87 76 49 38 34 40 20 11 91 95 38 35 17 98 78 88 42 99 22 12 36 11 6 15 57 33 52 69 56 24 33 11 26 82 60 44 8 47 85 88 94 64 7 30 44 70 98 30 24 13 67 79 96 75 92 83 97 27 70 41 94 83 84 98 63 4 83 72 98 14 76 79 58 3 80 32 15 29 11 84 47 18 28 31 33 66 52 29 79 58 5 52 93 59 100 9 35 44 70 18 93 73 74 68 56 56 86 42 95 37 37 41 38 55 55 72 62 26 8 19 23 10 55 42 66 42 52 66 12 38 22 22 85 60 71 48 51 82 38 38 35 29 32 23 59 2 76 34 4 52 61 63 45 96 38 19 7 14 27 82 62 11 89 3 61 59 21 53 54 69 45 91 75 22 87 99 17 43 80 99 5 37 32 38 87 9 8 42 100 92 77 8 2 43 2 69 37 29 95 12 12 26 87 40 68 82 75 96 39 10 27 96 33 27 72 31 63
680
340
8 94 78 20 98 74 34 22 62 44 68 23 42 27 57 95 87 73 67 67 72 24 86 99 83 19 93 95 61 92 61 7 41 10 64 71 49 41 93 26 78 28 38 87 27 42 67 41 97 12 18 14 83 100 68 37 58 90 30 63 15 61 35 9 83 65 93 21 29 71 28 75 34 99 69 64 33 22 33 3 32 85 43 66 14 51 21 26 57 100 32 58 36 37 84 10 15 72 45 13 48 90 16 90 64 22 59 95 49 45 78 32 43 90 27 86 88 9 19 1 69 85 29 65 77 21 53 15 53 46 48 74 84 35 35 91 4 72 11 4 90 83 97 19 1 21 12 49 26 25 13 88 60 65 66 45 75 11 60 10 26 1 39 21 64 80 3 2 61 40 98 9 25 19 56 37 16 59 83 42 6 6 14 94 23 52 96 61 85 88 46 27 57 25 79 42 71 69 25 43 74 32 58 99 36 65 77 95 23 44 4 36 18 23 17 78 17 21 48 18 19 89 40 52 7 54 8 18 96 22 67 73 10 58 19 27 6 77 30 79 44 56 56 31 76 79 7 15 8 72 18 51 1 86 23 32 43 34 27 52 47 92 8 8 89 80 48 88 94 59 99 26 11 97 70 5 34 71 10 19 27 53 85 44 25 91 30 91 35 57 66 4 90 9 76 85 1 2 34 8 61 16 26 77 22 89 96 81 90 28 35 39 16 65 34 70 10 65 45 42 85 81 7 27 18 100 81 18 13 50 60 85 32 61 59 27 45 22 31 46
690
345
57 22 49 44 18 55 6 5 87 5 66 38 62 2 46 83 83 53 1 25 92 66 100 31 23 6 60 13 87 98 19 37 11 98 3 50 85 99 30 68 85 60 87 32 6 26 64 7 1 17 55 1 96 20 24 67 61 18 6 7 97 98 92 29 78 80 4 76 48 27 27 44 77 3 24 28 88 92 63 65 45 13 49 62 48 40 57 51 94 82 87 26 80 15 96 74 48 58 78 60 13 1 61 53 11 72 6 79 24 76 31 59 49 81 6 62 85 50 12 46 76 27 2 14 3 31 78 77 88 47 13 64 72 91 57 3 40 30 87 17 78 61 52 72 76 82 56 51 20 40 37 30 62 37 76 24 7 69 66 21 40 56 59 81 60 4 27 60 8 86 51 15 3 45 43 84 8 28 36 6 48 20 38 68 63 84 28 30 4 48 3 59 7 47 10 56 21 13 86 21 67 49 26 93 38 100 8 52 21 71 89 33 50 4 61 82 41 18 60 74 81 69 26 59 56 27 59 77 92 33 16 8 33 97 2 48 89 18 56 70 14 13 49 21 15 69 11 56 77 72 27 16 56 98 61 100 50 22 79 40 30 74 96 60 49 53 57 63 30 100 38 30 25 92 34 53 92 74 33 14 14 29 97 12 94 34 28 82 84 82 16 72 56 3 42 55 12 7 99 2 64 80 16 98 20 20 27 71 82 10 20 68 17 31 92 3 39 65 50 95 66 27 10 84 30 96 75 50 47 65 25 59 38 21 77 8 13 1 19 72 18 42 55 100 31
700
350
11 40 90 87 59 76 32 25 61 40 90 18 97 85 1 46 7 30 68 6 83 4 70 93 91 62 20 46 12 22 50 68 96 51 19 88 13 75 40 71 97 8 5 40 50 62 43 83 53 94 40 99 24 39 16 23 21 61 98 8 94 25 58 30 11 94 1 12 16 26 35 61 25 76 30 58 73 58 30 73 26 98 86 88 45 93 17 52 18 73 81 86 17 50 55 95 46 51 64 84 95 18 81 5 73 74 100 27 1 10 42 84 95 10 47 61 87 18 19 47 97 3 87 38 46 7 22 72 45 40 40 29 34 68 8 43 30 71 54 67 47 20 14 53 39 8 67 12 89 68 48 56 17 16 33 22 39 69 47 57 45 85 79 97 19 92 1 5 50 93 96 39 3 86 51 20 67 9 24 96 56 97 17 47 71 7 59 100 67 99 65 87 11 21 38 37 68 85 4 46 11 24 5 92 72 59 89 53 64 75 34 4 74 76 64 20 95 100 100 93 66 75 52 94 65 68 55 16 90 84 92 59 24 64 20 3 73 73 96 51 95 39 57 22 49 92 94 39 65 48 72 30 17 26 34 26 69 74 9 28 4 96 52 2 71 3 35 29 33 4 89 90 4 7 23 79 53 51 36 11 61 79 93 64 70 96 19 69 45 66 24 5 40 100 55 90 41 53 43 57 44 45 71 43 6 54 66 85 27 62 98 83 21 19 100 22 60 98 78 91 75 79 81 2 86 15 67 11 77 43 16 87 68 26 42 99 41 86 7 48 35 62 77 18 5 55 61 65 45 79
710
355
79 16 2 44 3 32 45 9 7 40 97 50 91 41 95 31 83 47 71 4 80 83 19 42 29 15 69 56 76 11 78 35 67 8 8 97 68 17 7 49 95 55 57 84 7 93 82 82 66 60 38 96 63 13 43 73 84 5 49 11 84 1 77 98 43 80 83 59 68 28 92 37 38 74 40 7 68 57 23 58 10 31 37 76 56 97 93 59 34 47 70 5 50 43 94 1 84 44 48 36 83 28 83 17 94 16 8 73 22 24 14 99 21 56 61 92 50 22 6 58 29 5 69 19 60 93 68 19 59 61 15 15 41 50 29 69 91 33 66 75 5 50 85 10 61 100 93 86 57 18 44 68 99 17 14 72 6 29 65 3 45 4 72 4 9 74 47 25 49 40 23 66 9 8 87 17 74 10 71 45 91 55 80 37 96 5 57 5 5 14 20 67 58 70 96 91 69 74 65 78 86 53 9 81 18 94 56 11 62 35 94 92 77 9 74 92 38 65 96 79 79 99 36 71 24 29 62 70 22 63 39 20 10 89 6 22 5 56 7 98 52 17 76 87 53 2 95 67 13 94 31 28 2 19 33 60 65 70 81 66 39 86 10 78 57 70 6 28 97 59 83 22 63 75 14 94 97 66 38 15 89 97 32 1 93 100 8 88 18 88 4 81 79 84 89 72 93 70 11 36 92 82 12 72 33 8 52 49 70 85 31 21 81 28 28 82 69 45 33 1 68 25 41 97 14 94 16 81 80 98 76 69 17 95 40 22 42 53 50 92 81 67 21 7 22 42 9 83 16 14 39 24 89 7 75
720
360
77 47 77 65 39 81 53 78 55 4 72 15 17 90 35 44 83 73 46 7 25 80 39 91 2 90 92 59 72 99 82 23 27 87 14 96 12 52 32 7 15 100 58 8 2 2 56 30 81 12 66 53 97 78 54 81 85 58 65 78 52 21 59 17 72 21 90 87 29 84 4 85 97 84 94 69 11 99 59 80 71 62 49 70 23 12 60 55 66 72 47 50 80 29 38 56 91 7 73 32 55 32 73 85 48 62 23 26 74 8 78 90 7 15 93 40 76 52 87 16 99 24 70 58 33 45 81 13 83 90 39 4 37 98 9 90 76 2 51 50 43 32 57 31 45 61 16 13 25 39 45 18 13 66 17 35 82 85 16 88 95 38 85 77 20 78 65 39 43 34 40 32 67 42 46 54 16 49 73 99 76 49 31 14 93 32 48 17 69 24 61 94 49 42 15 3 48 7 46 81 91 56 85 7 93 67 61 1 75 35 22 22 40 39 23 10 50 80 8 50 83 78 56 96 56 58 2 80 8 88 18 52 86 77 16 8 100 60 26 55 75 28 79 75 74 12 89 18 26 2 89 79 22 96 79 83 59 18 59 40 59 2 99 52 77 43 48 51 50 67 56 84 74 29 58 49 48 20 30 98 14 63 61 86 75 68 35 92 54 60 5 12 55 66 68 2 73 95 10 14 48 52 3 36 54 75 79 62 8 54 37 17 84 25 71 72 2 15 11 44 88 69 6 77 7 18 6 31 51 57 98 41 42 69 15 1 25 44 66 92 55 76 60 32 52 13 100 35 24 62 23 17 23 29 31 92 76 98 49 94
730
365
21 88 11 21 83 55 94 63 86 21 23 13 10 94 89 84 63 54 29 3 66 75 50 84 82 1 71 23 41 83 53 3 33 97 26 36 31 16 39 17 7 45 65 69 20 11 59 98 58 87 65 66 84 25 21 3 25 12 49 66 5 14 83 11 6 19 2 48 26 62 76 72 63 35 8 16 60 51 59 4 30 16 78 24 6 72 25 14 23 85 64 6 18 97 85 69 8 80 13 84 24 67 80 48 65 96 43 73 69 23 92 38 32 69 17 23 26 19 14 95 35 43 76 49 27 4 87 70 44 71 43 54 59 37 40 62 54 20 26 43 18 80 7 66 82 89 70 52 36 33 34 53 79 70 59 14 90 44 21 1 85 52 62 64 68 37 98 9 100 86 78 29 32 37 12 57 41 91 4 90 79 97 79 90 82 69 27 76 58 90 38 81 11 69 21 21 83 88 71 73 14 65 100 72 78 39 86 21 6 87 90 43 58 9 43 47 90 91 52 94 43 40 84 63 36 27 48 58 60 50 63 3 57 21 43 65 48 35 14 48 40 67 95 36 66 79 90 33 41 28 10 58 34 95 14 33 1 56 75 51 27 6 30 18 48 98 2 43 11 72 97 57 6 72 53 29 27 47 35 28 54 63 56 15 93 11 43 61 65 18 82 41 57 90 86 19 11 63 82 51 89 81 100 14 77 26 53 8 31 18 81 50 61 16 26 62 47 38 71 35 63 76 3 47 32 5 24 97 31 26 16 16 21 78 84 92 33 51 63 38 19 60 75 45 63 10 73 84 85 62 28 23 92 26 38 15 91 90 48 55 44 28 5 15 52
740
370
49 83 36 95 22 26 14 13 62 44 93 98 77 56 32 98 57 7 17 35 43 74 14 67 2 57 7 26 67 55 30 29 65 74 17 53 44 48 54 75 52 99 61 32 35 42 73 3 65 31 88 18 29 19 91 89 27 91 3 83 99 18 24 30 20 81 68 83 11 10 64 14 76 75 23 3 20 8 70 26 94 16 42 69 85 41 25 62 4 84 75 51 11 68 20 86 89 5 79 85 41 36 22 12 95 64 92 15 23 50 66 42 91 45 30 61 81 88 18 98 16 82 8 75 74 59 59 50 37 84 75 35 84 56 33 66 82 91 20 3 7 9 83 45 20 86 8 40 29 68 9 44 96 61 22 14 89 14 69 97 69 78 52 50 83 7 82 40 89 6 13 74 81 15 60 38 45 81 80 12 8 3 3 87 98 17 49 100 14 76 17 64 68 89 93 100 61 90 81 37 54 24 7 90 43 6 35 84 27 45 31 7 75 73 90 10 20 79 44 60 75 53 11 13 35 58 83 64 4 32 80 86 90 51 68 27 14 47 83 74 84 93 36 54 11 21 1 70 14 39 17 33 46 64 43 19 61 53 5 77 2 70 84 38 25 19 58 59 86 49 11 46 27 67 89 98 53 52 45 54 59 5 15 22 97 11 90 57 19 45 91 58 83 34 50 92 87 16 89 74 91 73 20 97 38 97 93 57 14 24 87 100 73 44 72 23 64 78 38 41 22 60 46 44 46 66 77 35 42 98 4 10 3 2 51 94 38 12 18 72 69 6 14 36 67 32 77 97 32 31 7 11 14 76 33 6 62 99 52 18 64 31 59 6 82 40 1 49 69 85
750
375
54 42 68 61 92 92 92 91 43 63 73 6 25 18 69 38 91 38 21 30 34 58 56 10 38 45 16 17 80 7 58 87 55 83 28 2 79 56 35 15 71 15 38 6 33 88 52 100 52 16 36 72 33 50 59 99 46 44 66 81 99 64 25 24 94 51 16 9 25 23 32 27 69 3 92 39 46 49 3 11 34 6 85 15 79 83 88 38 29 94 75 19 90 44 40 59 32 67 3 5 52 23 11 35 75 68 3 53 15 76 75 25 4 67 96 84 40 42 93 96 20 34 74 41 20 69 59 34 29 15 54 75 53 11 81 78 5 82 37 48 40 41 65 51 100 43 20 92 62 79 93 14 82 22 86 79 63 55 74 53 50 2 40 29 82 41 94 31 61 70 89 92 74 11 33 6 86 93 15 92 45 90 83 62 50 15 45 41 98 72 94 92 81 8 28 94 92 47 22 97 60 97 83 72 6 50 2 37 89 99 54 47 97 44 76 84 30 22 12 57 24 24 40 44 97 76 31 59 69 86 18 50 12 33 27 26 99 78 43 45 57 59 5 92 81 30 4 57 58 67 47 51 28 80 19 26 75 71 8 95 79 7 55 42 38 25 94 17 31 19 34 47 81 16 98 5 96 65 36 67 26 39 39 12 43 7 55 47 45 58 22 65 62 54 95 29 52 88 13 25 5 44 68 33 43 40 56 57 34 23 75 16 52 94 48 38 100 33 70 29 46 44 89 52 86 16 37 8 76 54 13 97 69 2 54 45 39 19 68 65 49 98 24 35 35 37 34 35 96 89 64 100 90 15 12 53 85 71 43 72 9 36 93 99 57 88 75 86 61 82 90 25 83 7 11
760
380
37 58 81 30 83 36 98 98 32 27 14 10 96 34 22 33 12 81 83 93 94 12 98 79 49 22 100 41 30 78 96 14 30 96 9 88 83 99 56 77 83 85 37 84 44 38 90 9 56 8 46 9 6 99 75 90 20 89 71 77 20 95 58 63 91 52 81 62 82 68 66 6 44 52 35 19 17 98 18 77 33 31 51 66 88 45 40 96 74 64 7 47 80 42 69 68 71 43 14 51 58 56 82 45 26 19 52 92 50 82 12 6 92 33 24 86 10 27 9 61 62 97 53 14 84 49 72 35 65 85 48 50 3 52 27 17 100 24 72 27 84 77 18 6 60 44 70 19 27 85 25 96 11 21 29 99 10 69 7 67 64 81 80 29 46 40 50 69 45 39 16 71 80 52 12 17 41 24 85 83 15 39 92 26 40 65 81 64 18 58 37 14 19 22 8 12 85 55 45 27 29 68 82 72 75 1 36 10 95 73 80 45 38 42 93 77 40 47 42 64 38 9 30 32 78 17 23 23 87 42 25 15 93 40 11 93 14 26 23 86 8 37 46 34 2 83 20 16 19 82 78 24 72 100 44 65 60 80 91 67 12 1 89 76 59 46 28 76 78 73 66 80 12 18 27 2 55 32 69 26 76 38 17 94 40 58 76 71 33 4 73 61 45 65 4 64 32 16 3 96 18 100 42 96 19 28 85 21 52 82 67 73 10 27 21 77 70 46 71 7 96 38 63 91 37 30 11 74 28 5 27 23 21 19 39 80 38 1 43 79 13 7 100 8 71 63 77 21 23 4 86 37 51 56 48 52 41 54 94 43 33 29 45 88 34 67 100 54 85 69 69 58 31 4 53 94 34 96 67 44
770
385
97 81 19 34 67 13 70 87 72 28 93 64 17 84 97 58 64 8 8 64 88 71 75 99 16 58 28 25 2 55 96 46 82 21 69 84 10 83 10 70 43 56 94 43 30 61 47 26 29 89 89 51 23 28 13 36 98 84 44 44 62 46 6 19 85 15 93 80 77 32 36 70 83 27 5 43 80 80 82 35 52 96 95 91 54 91 37 2 85 47 70 36 39 2 5 41 48 1 42 87 73 69 13 65 5 68 83 66 61 78 50 24 3 16 43 57 93 26 48 71 58 93 70 6 33 25 98 95 81 96 73 25 74 43 61 41 58 17 49 9 68 11 7 63 87 38 37 18 93 41 46 76 13 50 12 80 61 96 73 7 63 25 91 71 5 72 82 85 97 11 75 43 61 43 38 9 72 25 84 88 46 90 27 51 5 75 65 12 21 35 36 13 53 16 48 96 61 72 5 15 33 17 82 34 15 98 51 58 75 52 41 51 52 28 65 46 92 75 89 31 100 62 26 85 69 100 33 13 28 38 11 73 60 80 36 21 22 87 47 77 96 17 52 49 43 63 77 52 1 28 49 1 70 62 89 63 56 37 57 91 20 26 38 60 7 91 28 95 63 97 83 83 1 60 88 1 92 55 1 97 79 25 69 73 99 43 72 56 55 28 28 47 94 85 7 6 77 90 95 45 88 26 71 74 64 64 100 6 44 3 61 40 55 3 54 80 56 65 95 50 41 65 40 89 97 57 21 78 87 95 71 29 12 48 8 73 20 91 12 17 95 15 76 95 44 40 92 69 39 93 63 9 94 9 27 19 92 78 37 20 40 31 97 23 69 30 86 51 50 99 12 44 21 34 99 4 8 61 11 90 83 48 73 13 85
780
390
93 12 80 95 54 73 61 79 11 26 86 43 90 63 82 8 67 18 12 44 93 64 75 42 71 79 3 41 67 80 60 29 95 63 53 34 12 31 29 14 40 43 52 3 8 94 21 90 44 65 52 63 84 15 21 73 1 6 20 67 7 55 96 88 35 13 38 66 6 8 86 69 7 32 33 30 55 2 60 31 100 64 92 95 99 29 97 18 31 69 87 69 97 37 99 92 26 56 31 100 40 12 23 97 91 80 77 100 43 1 95 85 13 88 79 29 16 18 76 80 36 45 83 40 28 95 93 3 11 32 80 28 4 55 80 78 31 51 88 6 79 45 82 77 9 79 54 84 46 79 32 62 73 46 86 61 25 93 48 73 86 85 49 1 92 36 8 74 65 15 74 79 47 80 91 52 83 58 13 28 10 20 94 78 27 100 65 3 36 70 69 60 29 48 37 35 50 68 90 25 28 16 94 27 96 45 28 26 4 88 94 36 89 79 75 69 28 25 93 85 45 43 97 34 4 92 63 80 49 51 99 78 33 88 68 30 11 58 23 14 35 40 44 93 17 78 73 86 87 93 61 67 99 82 76 80 51 91 89 44 59 3 39 9 82 91 19 30 57 85 45 100 15 31 30 13 33 28 16 100 90 50 93 74 100 43 23 53 17 59 52 54 24 89 25 22 36 67 54 61 55 86 12 6 15 8 51 88 84 78 76 59 62 48 37 79 83 6 19 75 46 10 17 25 75 89 32 12 19 6 90 67 80 25 33 49 78 32 96 15 42 10 54 22 90 37 96 8 97 11 83 31 30 42 12 76 6 72 64 35 55 90 17 5 72 17 26 23 57 24 79 82 99 3 96 99 67 90 75 77 44 66 26 86 21 12 52 1 73 97
790
395
16 41 49 77 79 75 98 84 10 28 63 93 51 94 23 82 56 68 84 41 33 42 94 73 81 83 75 49 56 30 45 38 95 98 41 94 97 45 89 91 14 24 60 90 47 67 41 29 5 65 71 36 7 4 10 74 99 49 17 100 95 70 71 59 39 77 15 99 79 76 53 95 11 76 57 62 100 1 92 94 65 38 55 90 38 8 78 90 9 8 41 88 3 76 18 78 86 86 52 80 55 2 98 63 83 79 61 42 30 65 81 29 64 43 51 2 78 91 67 87 37 56 10 70 99 8 98 13 97 21 13 99 49 90 98 69 47 66 44 44 98 22 42 43 79 71 43 92 4 89 54 13 94 42 62 97 82 33 20 38 69 18 54 95 88 82 58 14 72 10 46 100 88 90 6 92 61 17 2 38 90 67 41 54 47 27 43 28 52 25 48 21 11 65 65 57 72 39 20 19 25 20 53 9 28 100 2 69 80 38 40 82 85 33 88 79 45 99 61 98 62 84 9 73 84 69 14 97 41 19 38 71 97 39 80 28 50 18 88 42 29 99 60 73 26 43 53 65 73 77 17 55 42 14 28 10 73 63 62 43 43 75 21 33 82 91 86 67 47 37 31 5 1 100 56 74 58 39 84 5 29 55 11 66 88 57 66 70 86 4 31 51 89 33 32 70 2 33 42 64 93 70 35 24 35 57 50 21 95 70 83 51 75 20 57 17 14 64 47 18 91 6 9 21 26 82 69 76 47 66 80 57 95 27 2 26 69 30 33 36 90 18 56 39 42 13 53 88 34 6 4 42 10 87 89 38 54 52 68 85 93 97 49 62 66 30 56 27 1 63 55 96 13 38 36 84 23 45 82 3 8 41 24 69 98 38 48 99 64 36 79 89 73 47 61
800
400
31 79 76 4 17 42 95 54 29 81 84 41 33 67 6 5 14 79 84 10 57 53 62 69 98 73 62 39 2 21 39 53 26 58 72 74 1 82 43 90 71 68 4 42 39 16 57 29 47 59 29 24 66 61 16 6 13 43 14 57 40 54 40 40 24 29 61 23 73 41 40 19 69 13 17 64 68 4 70 2 58 64 30 47 37 53 41 35 1 40 99 27 59 20 95 85 92 7 10 30 71 97 16 60 22 56 22 83 11 4 11 11 85 99 92 55 73 25 93 10 14 64 70 52 84 65 98 96 64 76 25 85 38 38 72 46 15 17 33 29 8 22 30 25 4 19 21 58 25 31 73 32 1 48 26 56 91 89 99 22 86 76 52 82 2 22 84 62 17 4 84 51 26 53 40 91 44 5 51 94 12 15 71 41 74 89 48 98 46 18 22 27 3 40 19 37 100 29 64 96 30 3 96 94 35 10 11 67 27 31 14 36 97 76 51 80 5 4 11 54 76 54 42 88 48 91 1 13 80 65 73 51 22 58 33 37 94 9 42 95 96 42 78 62 22 11 13 72 64 79 77 61 59 29 15 94 46 7 94 33 60 65 54 54 63 37 80 92 44 37 87 79 96 96 91 67 36 68 94 20 18 26 35 30 52 84 87 58 33 21 8 53 64 22 54 59 15 93 20 65 68 45 15 45 20 73 47 92 76 36 63 79 19 65 15 58 39 94 24 21 3 85 32 44 12 47 24 24 36 31 33 87 46 24 53 10 94 49 85 3 85 74 31 2 27 58 76 23 33 45 56 60 79 31 40 32 24 87 65 40 5 81 66 82 44 89 2 92 71 98 88 40 67 59 33 71 62 5 76 40 13 72 83 89 82 64 37 70 18 50 70 46 95 69 76 10 82 100 55 55
810
405
54 14 79 54 77 87 45 58 63 93 79 61 42 85 48 40 6 27 42 43 83 73 95 55 31 41 8 90 2 81 81 50 91 5 51 26 58 79 49 20 99 39 89 97 13 15 18 38 59 55 14 22 97 8 72 73 59 25 12 75 91 22 34 78 31 24 38 100 36 26 30 14 63 47 65 78 10 17 41 51 67 60 23 90 11 69 14 33 69 21 69 57 81 63 45 22 46 19 34 59 63 3 4 72 63 85 64 49 22 21 79 98 22 36 78 93 67 76 15 44 48 18 78 18 11 5 25 44 1 14 51 95 16 71 5 91 96 53 58 88 33 56 22 59 95 69 98 79 27 59 71 62 21 96 93 37 86 9 71 47 33 48 87 61 60 86 75 79 56 51 59 21 85 80 61 33 37 26 82 14 11 12 1 22 24 87 77 82 30 6 22 88 8 32 67 2 59 40 68 97 69 55 44 70 48 34 41 30 30 91 5 53 23 2 41 22 69 63 23 27 30 25 65 56 56 96 34 15 68 32 15 75 19 40 31 28 21 45 64 44 54 89 25 67 42 35 10 38 85 11 65 92 85 62 92 82 58 97 67 2 20 89 36 99 9 91 56 45 67 1 95 61 58 90 66 90 95 21 79 19 91 42 70 46 53 2 72 70 63 19 15 92 82 73 48 61 50 66 16 4 88 5 92 99 14 29 45 23 50 33 35 14 78 7 29 69 8 21 36 30 27 76 89 89 56 66 84 62 23 86 83 4 51 21 38 64 38 92 61 46 73 58 1 99 22 73 1 1 11 56 24 27 71 17 60 79 58 15 54 57 27 38 73 26 31 84 81 92 75 96 22 88 58 17 67 100 23 32 88 38 30 67 79 24 73 31 90 72 35 65 15 27 7 73 2 16 9 22 56 26 7 81 18 74 53
820
410
25 21 90 75 57 10 96 99 10 40 92 48 81 25 100 5 75 69 69 42 96 67 72 68 41 16 27 19 41 27 94 61 52 37 21 4 91 65 70 9 63 80 34 100 46 15 88 2 30 4 70 61 12 73 76 61 81 70 63 96 78 80 45 62 17 37 35 99 14 52 24 33 81 45 99 55 83 74 37 99 63 74 36 30 1 49 22 83 72 71 58 75 10 7 53 81 85 80 39 84 47 64 83 57 94 56 70 82 25 83 90 76 40 54 62 10 91 93 94 54 76 46 5 55 72 15 28 4 82 9 72 12 28 74 45 91 60 57 46 35 15 12 83 72 46 30 98 80 93 43 57 97 29 93 7 57 70 94 32 70 45 53 19 64 91 53 76 68 19 99 68 63 65 78 7 33 13 82 6 83 16 51 73 59 100 19 3 18 94 12 5 55 89 100 82 47 68 40 23 9 93 52 74 32 6 100 30 91 25 17 2 85 86 99 93 98 25 74 57 59 53 35 95 20 2 3 52 80 69 86 34 11 97 48 68 23 67 64 50 90 56 21 55 34 66 43 75 10 85 70 6 27 10 52 95 28 58 37 8 31 21 76 70 20 37 2 75 91 88 12 26 82 100 38 98 4 7 15 41 76 58 100 18 71 75 2 5 66 9 93 36 25 2 50 71 56 74 82 45 70 59 56 37 32 59 91 46 89 92 66 93 77 74 40 49 33 36 9 31 32 20 32 96 84 51 58 98 87 34 10 44 63 5 13 44 6 1 55 31 80 88 14 55 53 89 15 90 55 71 26 91 67 47 19 33 67 88 7 36 97 14 99 100 47 42 33 14 57 97 84 76 14 6 35 92 37 49 11 16 1 77 40 74 62 88 91 80 92 39 89 85 22 10 17 71 66 94 10 92 34 25 96 75 95 4 36 64 84 11 25
830
415
89 44 50 36 11 67 94 80 5 12 61 34 16 46 26 98 91 52 28 5 16 99 2 69 100 71 15 98 66 89 85 55 70 24 51 12 9 10 29 88 46 82 96 100 70 42 56 16 16 90 27 51 20 74 89 63 15 84 73 6 66 16 10 74 92 43 31 34 6 45 39 36 39 30 82 27 71 71 42 65 81 91 30 62 48 88 14 55 16 23 86 34 68 89 34 58 33 28 94 67 83 58 58 57 56 71 77 4 88 33 35 71 6 1 29 6 59 26 10 13 34 14 2 7 56 25 61 88 77 6 35 13 86 11 50 84 16 51 44 27 73 41 37 57 64 2 72 14 16 67 26 84 43 60 85 84 53 30 76 62 37 59 100 67 6 9 67 44 72 82 36 72 85 96 34 20 39 68 91 23 24 58 13 65 96 80 60 46 45 3 95 45 96 3 55 93 23 7 97 14 77 5 51 85 7 91 46 41 75 50 11 7 81 28 100 92 12 74 20 26 33 67 75 12 30 15 35 11 61 14 77 93 78 99 62 28 2 69 71 95 28 50 33 55 85 36 70 29 44 13 99 30 27 30 80 95 67 96 86 40 30 56 89 5 87 44 47 93 58 59 60 49 46 100 42 46 82 49 5 61 78 3 46 82 18 60 38 30 5 66 5 91 97 31 82 100 52 88 17 34 92 9 95 98 90 77 93 48 5 77 46 8 30 84 61 57 70 100 15 47 10 37 1 64 22 21 61 80 18 3 90 64 59 77 51 49 57 42 26 61 16 57 70 91 63 71 34 88 94 40 72 100 48 60 84 25 62 69 56 68 76 5 74 6 69 9 1 19 79 63 99 22 76 78 96 92 47 29 81 9 13 79 22 74 19 61 99 97 5 46 38 86 92 1 82 26 14 16 94 19 30 26 72 12 7 31 62 32 47 95 32 10 22 52 6
840
420
50 23 92 38 95 31 31 6 4 70 50 76 41 19 17 11 35 52 14 94 95 99 19 36 42 18 50 11 96 25 42 41 95 97 90 66 31 51 50 63 37 28 40 22 89 65 40 81 8 42 2 70 35 85 23 65 41 46 58 7 99 64 55 92 89 97 33 83 36 9 98 55 80 53 87 56 43 77 34 46 99 52 81 83 49 16 41 54 49 81 70 45 78 25 22 39 49 35 56 92 72 94 77 66 55 92 49 58 35 48 24 22 89 24 15 46 15 74 85 91 91 74 87 31 100 24 14 47 40 77 71 31 93 28 41 27 44 85 92 44 34 6 48 31 50 41 12 68 54 4 93 20 18 69 4 15 91 41 9 47 19 94 42 24 29 58 56 26 11 17 85 11 13 88 64 73 93 17 70 39 26 10 30 61 32 24 42 37 17 95 30 68 73 77 100 34 82 6 96 90 65 57 88 68 60 85 74 75 69 42 63 31 57 19 6 83 49 75 57 89 97 42 29 9 59 82 13 40 50 75 55 76 89 93 11 80 73 22 7 56 16 74 17 78 5 76 36 54 36 75 28 91 19 66 33 93 31 50 10 41 98 60 47 39 20 77 93 27 50 50 87 10 60 96 38 62 17 36 93 13 63 70 55 5 88 86 89 93 52 54 18 67 43 67 17 13 61 81 46 81 23 32 27 24 50 10 12 4 61 1 28 96 15 81 45 84 62 70 62 71 53 26 79 1 78 69 36 76 12 43 84 50 86 83 77 52 34 89 1 70 3 68 70 85 51 69 50 81 67 97 58 25 44 49 99 6 87 84 32 15 12 83 3 63 28 35 49 17 89 73 49 50 45 6 39 64 19 100 49 98 50 87 50 94 35 10 68 99 11 77 9 34 55 10 88 77 7 71 15 39 44 97 41 13 75 22 92 62 67 49 46 11 81 39 22 83 85 11 31 35
850
425
31 12 25 37 22 87 69 26 99 60 82 9 4 28 37 99 93 75 55 31 10 42 21 2 1 28 52 64 45 3 52 54 57 62 31 54 37 80 72 1 23 66 87 37 54 49 15 60 96 30 43 89 63 12 60 30 34 88 15 94 84 1 98 8 94 59 7 81 28 93 1 39 72 45 14 20 68 55 17 12 41 2 98 21 24 32 68 73 23 93 13 31 22 15 30 81 94 45 53 55 75 64 83 15 90 79 58 33 75 98 25 9 13 63 38 3 49 81 92 74 41 60 22 84 51 21 84 66 87 54 55 99 14 33 89 53 11 43 77 67 55 68 81 13 62 30 92 83 45 35 70 44 3 78 64 51 42 31 85 35 16 82 35 5 78 69 17 24 70 23 51 4 59 38 65 82 5 66 85 7 77 46 60 92 68 61 5 35 57 83 92 66 88 4 74 79 85 31 60 30 82 99 28 69 89 22 8 24 66 86 86 76 6 88 60 84 90 91 38 41 87 38 59 22 14 78 1 7 67 2 40 38 53 99 36 1 58 98 56 66 64 58 91 10 34 35 75 51 30 89 88 63 90 75 92 44 79 65 71 23 13 1 50 18 80 79 100 33 80 94 37 47 60 33 59 43 75 63 19 96 31 12 24 22 8 66 2 32 81 21 92 26 89 64 5 84 75 3 10 100 44 100 5 38 92 12 66 83 59 92 45 99 25 63 15 28 6 10 42 83 1 24 93 94 50 47 76 30 73 25 77 14 13 86 36 19 91 4 88 68 45 82 91 25 42 96 35 56 19 14 46 29 85 64 49 13 84 56 49 21 49 81 98 68 90 11 41 66 64 4 94 17 63 99 47 77 25 22 90 26 57 45 50 87 30 64 81 55 32 90 32 84 21 31 43 42 59 1 62 40 28 1 25 29 83 37 34 37 10 56 38 12 58 39 77 50 76 39 89 81 90 26 52 10 18
860
430
51 75 11 57 33 34 46 42 13 91 75 69 69 77 35 13 57 73 18 12 74 79 60 47 50 88 69 95 2 31 19 13 95 86 15 28 3 27 72 86 78 9 22 87 85 71 39 87 95 19 82 41 46 41 33 6 6 2 86 42 55 61 95 69 40 98 30 61 75 98 75 52 49 42 75 89 3 40 18 93 77 2 66 28 29 92 92 64 67 36 92 52 50 9 61 52 82 65 53 29 67 84 3 36 88 23 5 8 84 77 55 59 31 38 7 59 61 73 75 18 77 9 56 70 35 77 77 13 19 3 12 76 41 53 54 74 54 58 41 48 17 83 87 80 93 3 72 90 96 92 76 26 63 77 8 6 38 45 60 80 97 89 70 32 86 41 72 47 37 77 77 61 47 14 43 11 13 13 27 62 88 60 10 36 91 73 73 10 90 36 47 49 67 99 79 44 44 22 57 11 80 23 18 29 40 11 88 24 62 74 10 1 79 53 21 74 74 80 84 60 100 76 64 69 78 38 16 55 55 64 10 49 62 89 30 52 44 48 16 52 32 35 31 63 21 58 6 19 6 64 32 62 73 11 91 13 97 12 77 25 11 93 2 17 39 89 49 44 33 91 90 7 34 55 65 68 60 22 43 84 47 71 29 18 13 89 55 68 73 42 93 14 60 19 3 55 24 37 84 8 13 1 41 77 89 75 76 45 6 52 70 69 22 46 16 2 82 58 55 23 89 70 64 44 57 67 26 59 79 61 27 59 57 91 78 57 97 5 89 85 87 17 47 95 16 81 28 87 59 47 33 95 16 8 20 75 38 17 60 90 34 90 9 6 85 89 7 88 85 48 29 81 95 94 98 22 94 28 95 79 19 36 52 86 52 11 33 45 68 28 73 61 28 7 81 62 17 47 46 36 1 26 91 95 50 91 51 7 86 74 80 36 16 68 11 78 37 63 65 99 42 84 2 29 29 56 80 83 30 20
870
435
27 97 50 69 40 76 90 2 90 40 81 73 66 61 32 68 1 54 87 31 97 67 38 57 53 98 86 76 71 53 15 94 49 65 100 22 35 89 54 63 40 57 56 12 82 99 23 85 10 63 65 20 23 23 42 85 100 29 12 42 73 75 96 65 19 51 30 86 32 7 39 83 16 46 85 48 69 15 60 13 21 39 58 60 79 22 24 21 49 94 88 31 3 57 52 53 47 95 69 66 33 10 93 21 64 94 13 29 76 80 63 51 36 9 67 33 22 47 67 32 20 48 32 1 71 66 86 75 60 57 65 75 79 23 27 43 74 70 55 75 98 94 5 71 74 75 8 18 60 27 87 13 39 47 25 53 67 45 25 19 42 36 87 32 93 16 95 51 13 48 94 80 56 66 55 78 50 85 52 43 18 48 79 94 96 19 75 25 48 66 60 49 99 66 72 91 67 72 100 94 68 62 61 72 48 41 100 29 15 63 30 29 25 32 78 95 67 52 56 71 29 20 20 48 57 8 36 69 86 94 6 57 65 34 90 10 81 23 96 46 33 36 40 87 84 46 70 1 49 51 74 98 47 77 71 75 50 18 55 94 84 16 79 30 90 23 22 12 71 67 33 12 21 21 15 26 34 9 2 75 44 1 69 61 14 68 43 33 50 24 48 72 42 89 61 66 15 48 80 5 18 26 7 27 76 37 94 13 81 82 52 54 100 100 25 69 16 38 51 81 47 56 30 100 29 35 27 44 55 87 77 36 95 55 70 37 15 76 18 64 6 92 26 86 91 26 100 64 48 95 27 59 17 13 89 65 59 9 100 64 69 69 2 8 3 45 2 21 19 57 39 88 9 88 53 46 21 11 15 41 32 62 25 4 16 82 19 96 85 8 97 43 42 10 98 26 49 20 34 65 4 65 33 78 67 61 90 75 50 7 90 9 89 36 89 44 66 80 24 57 40 76 27 29 71 14 61 72 4 31 88 52 75 59 90
880
440
18 56 63 34 85 50 63 52 79 100 9 51 71 86 74 23 26 25 64 74 31 30 65 54 63 95 96 96 25 99 1 35 22 92 70 25 9 9 88 56 65 11 59 66 61 91 96 35 83 65 57 67 5 56 54 77 82 80 63 90 95 56 10 91 69 9 97 27 74 50 75 24 33 69 49 28 64 74 80 65 63 76 62 46 81 1 81 57 24 10 93 56 59 25 98 80 34 39 26 43 85 91 46 70 51 37 78 76 38 69 93 53 85 61 67 28 45 22 70 93 30 24 97 66 45 94 92 74 4 19 49 60 13 19 31 27 67 88 73 11 75 26 30 88 9 31 12 75 46 57 30 9 30 18 8 40 78 10 25 73 22 44 10 19 40 21 5 40 73 85 94 12 30 56 97 8 48 32 11 59 3 42 67 55 63 20 50 72 6 70 2 87 75 81 46 29 42 84 7 27 16 46 51 27 45 34 100 61 80 58 29 49 18 11 12 72 58 32 13 79 57 76 8 53 79 57 10 7 97 65 28 92 6 93 79 69 49 39 67 53 13 60 72 66 35 59 16 98 29 45 16 64 75 51 52 68 25 51 84 92 36 71 60 94 93 23 26 41 78 57 12 70 53 99 45 8 18 99 18 54 32 62 43 90 22 85 21 96 12 79 19 18 97 37 40 42 17 12 42 93 90 62 52 5 83 35 69 56 41 34 98 93 56 80 50 74 78 3 92 63 92 50 64 24 35 40 93 21 67 55 28 18 4 15 29 41 78 80 45 95 21 58 59 61 26 50 98 76 88 44 38 57 15 31 18 47 65 2 16 47 17 97 47 77 61 68 12 79 10 99 5 81 54 45 8 98 15 67 36 35 92 18 14 40 99 52 15 91 27 53 60 65 68 45 7 34 51 87 43 52 2 50 21 79 68 81 75 11 10 18 49 17 66 33 51 4 56 86 63 50 13 73 59 39 10 90 52 25 79 14 68 17 51 69 67 92 11 5 99 35
890
445
51 11 90 75 92 95 26 59 33 35 55 16 57 92 20 78 2 63 59 18 49 38 41 25 34 26 70 54 37 79 96 45 36 64 32 52 60 50 60 74 65 72 91 50 88 80 47 7 84 18 83 17 2 38 27 20 55 63 31 23 19 82 44 69 97 60 34 64 25 53 98 69 100 79 57 64 90 95 77 69 71 42 38 35 54 81 1 16 27 62 100 37 63 9 50 56 69 92 42 8 9 94 7 91 31 22 71 64 75 64 86 79 43 55 7 39 98 62 3 59 7 76 92 55 19 32 95 7 24 8 63 95 76 99 7 37 96 53 43 20 80 78 15 25 33 22 70 42 96 6 97 85 73 56 4 28 39 3 99 28 37 3 79 65 50 65 69 31 54 85 41 51 97 97 47 60 22 59 91 11 25 48 45 94 98 6 95 49 50 25 22 97 32 52 10 25 3 70 14 83 2 40 59 51 38 18 78 91 4 36 92 90 15 48 21 42 47 65 19 89 59 8 54 31 51 3 64 4 40 75 42 58 69 81 27 1 13 36 65 75 52 42 15 24 50 80 10 34 4 44 88 59 62 90 100 100 63 75 57 44 54 86 60 30 61 70 61 5 74 80 67 75 19 71 74 84 79 78 97 74 79 92 26 53 89 10 16 9 2 67 25 70 3 18 33 77 71 41 9 99 24 28 14 59 19 70 58 5 41 50 60 54 51 35 94 30 3 61 3 88 86 29 40 82 13 39 4 62 59 72 89 26 35 53 76 38 72 1 60 40 24 59 24 47 48 37 90 38 36 74 2 62 7 18 34 79 38 95 40 68 39 59 51 87 84 26 93 15 56 2 84 71 65 86 43 38 64 98 69 78 97 33 5 83 33 57 51 60 57 54 81 85 86 79 33 27 12 100 14 70 53 62 55 33 15 47 26 89 87 68 21 90 17 97 17 12 99 45 41 94 42 47 92 63 72 54 93 37 69 13 92 33 49 30 41 63 99 42 75 70 58 38 95 54 96
900
450
92 19 70 47 93 9 6 72 98 33 52 95 30 62 45 2 83 24 5 19 100 83 89 39 93 19 26 88 38 4 50 49 43 88 63 54 3 42 44 92 55 13 8 33 44 37 47 39 35 40 38 65 70 85 28 28 56 19 2 36 98 48 46 99 4 83 71 82 73 35 7 41 10 92 62 32 77 77 53 83 54 27 47 34 55 73 52 35 66 58 1 92 97 53 90 90 85 8 93 65 55 35 55 54 75 60 86 33 87 95 67 64 28 9 2 65 80 59 82 77 100 40 37 69 64 84 34 35 72 70 68 31 99 16 97 98 60 69 55 62 22 46 43 1 60 36 34 2 97 89 88 11 4 5 30 61 43 83 3 58 45 41 82 58 89 80 45 9 44 21 69 40 4 60 12 28 94 19 90 70 12 97 92 20 40 21 33 1 62 61 48 45 61 51 15 45 83 76 84 8 65 38 84 30 40 52 38 27 91 31 63 23 23 54 76 48 55 53 62 33 54 67 30 13 90 31 87 1 66 37 34 4 41 50 98 53 18 11 76 9 2 19 44 19 15 95 23 86 49 17 59 7 87 56 57 20 15 53 74 6 42 8 95 14 20 38 65 52 73 14 15 50 82 67 50 10 79 77 27 44 21 10 37 41 41 71 73 78 81 3 95 44 97 1 100 60 43 91 32 82 50 43 1 1 40 21 59 51 47 96 1 49 78 51 62 83 91 11 80 86 79 62 99 9 30 17 3 49 55 26 79 89 49 37 26 92 24 21 35 2 34 3 80 36 12 82 13 38 94 51 22 52 96 42 79 49 34 52 37 24 85 88 79 11 49 32 35 41 57 2 41 12 57 73 79 4 51 51 32 73 33 4 81 81 60 12 70 28 61 75 82 25 50 34 36 8 33 85 36 53 31 52 5 31 91 43 9 70 63 12 98 33 52 7 72 49 75 99 97 32 21 71 92 75 8 23 46 95 62 8 61 28 34 85 30 47 11 75 12 17 70 94 75 32 72 13 65 16 67 71
910
455
37 23 31 48 9 4 12 100 66 39 58 89 12 29 99 51 24 34 9 62 60 91 69 100 4 14 39 40 20 81 98 58 31 7 6 79 5 17 10 56 60 93 69 44 72 61 54 80 35 81 60 55 19 53 63 71 74 91 51 2 83 79 97 79 91 63 99 91 46 45 79 76 25 92 48 55 82 61 76 27 100 49 74 96 88 40 7 75 57 55 72 28 31 99 15 86 49 57 79 16 54 14 72 43 6 61 6 81 76 49 69 87 24 31 26 97 34 83 21 33 35 50 60 75 9 7 56 36 53 85 55 19 75 91 36 32 73 57 70 66 89 36 64 21 12 8 16 82 85 73 21 35 85 38 87 69 98 35 47 78 100 66 97 78 34 74 80 17 52 69 31 64 77 91 43 88 21 44 57 12 12 44 65 78 28 27 50 61 99 27 47 97 69 52 99 15 97 96 98 75 100 43 39 25 5 100 52 87 67 47 16 40 44 51 29 65 21 49 4 45 31 49 41 93 99 70 81 70 79 36 6 31 79 96 56 58 8 65 92 40 79 47 65 99 55 46 46 20 69 59 81 80 76 60 92 52 62 53 97 13 4 37 79 89 2 38 21 30 57 60 19 54 56 35 54 30 41 30 21 61 53 29 99 12 23 53 82 23 90 13 13 45 94 3 76 27 39 44 46 71 97 41 81 13 96 11 57 65 5 42 11 57 39 89 20 4 27 24 97 87 28 31 27 67 57 19 69 14 28 100 13 22 86 43 16 68 6 15 47 42 1 96 7 36 19 24 32 11 100 50 85 91 15 13 75 43 64 28 56 88 15 2 55 29 40 77 18 35 36 5 24 43 52 27 54 43 60 40 20 98 5 95 52 55 64 19 73 13 49 6 87 78 14 11 94 60 74 91 45 18 63 23 79 1 51 2 86 48 49 62 94 25 4 34 1 58 82 65 21 38 25 61 75 65 84 37 28 74 79 77 66 51 46 80 90 57 21 91 60 33 35 16 12 43 64 15 18 70 94 59 72 69 61 5 15
920
460
85 22 36 16 47 91 92 71 34 38 13 42 26 26 17 1 88 45 8 77 64 68 13 9 98 45 99 100 55 85 58 18 18 41 89 4 49 21 79 83 67 64 68 52 49 55 2 11 64 95 39 55 67 41 6 12 59 42 25 6 84 18 51 88 76 98 5 54 79 3 42 65 19 2 66 31 80 29 40 98 69 98 39 20 63 5 33 63 40 68 4 82 75 63 60 68 75 65 40 50 97 1 8 63 11 72 98 94 73 33 26 17 28 17 54 7 91 62 12 16 25 94 74 54 15 97 55 98 42 75 25 77 20 94 30 4 53 10 4 40 7 87 33 58 54 54 77 67 36 99 89 72 55 66 90 62 36 22 38 67 75 97 99 10 54 37 39 22 60 40 44 61 43 94 6 70 5 83 57 8 72 12 20 44 26 54 2 32 38 99 10 62 14 58 13 87 65 38 2 65 60 36 100 79 43 98 8 32 1 23 44 65 88 83 92 59 43 93 72 4 51 84 55 17 54 17 28 3 54 65 6 74 69 83 20 61 48 32 33 28 9 56 41 7 32 69 52 60 54 54 54 37 85 85 42 9 69 40 91 51 24 52 66 99 41 46 19 76 99 53 76 39 57 50 59 96 82 92 72 37 25 55 76 27 90 42 31 90 4 23 46 28 18 94 91 39 93 28 84 76 92 1 91 11 93 72 31 30 72 96 85 72 44 91 46 60 5 22 28 38 57 67 35 68 35 38 12 22 68 36 75 38 8 10 88 87 21 77 87 61 78 92 1 11 8 55 22 85 49 74 70 15 12 69 36 93 52 47 56 32 14 76 86 77 46 100 68 48 13 33 26 66 86 46 61 36 87 67 30 54 30 69 71 20 44 15 48 15 66 15 45 41 82 69 23 89 86 38 64 40 66 75 24 26 38 17 92 63 18 57 100 12 52 37 34 52 7 18 29 83 45 43 61 18 53 9 19 44 53 59 41 40 36 90 69 77 76 74 34 36 72 46 22 47 47 7 25 18 19 33 46 25 28 90 85 43 85 89 88 2
930
465
35 16 61 31 92 62 21 88 64 75 1 98 63 95 22 81 58 92 14 3 2 66 41 95 61 39 92 57 50 33 9 92 95 70 47 50 79 14 28 11 82 37 37 47 40 99 13 12 33 14 85 15 64 19 20 25 88 99 93 38 93 30 69 88 97 50 10 36 95 4 84 53 55 9 77 76 49 14 31 66 4 38 11 79 56 76 78 48 67 3 77 87 53 75 96 70 22 82 27 78 68 8 87 19 12 41 77 33 79 57 65 72 43 16 4 64 56 17 60 31 90 41 14 14 74 99 52 8 28 90 85 48 40 47 67 19 77 71 62 76 46 79 89 82 27 74 89 50 85 58 7 77 80 87 35 71 38 38 44 19 87 39 80 73 54 4 20 33 12 7 34 90 97 88 20 65 11 47 82 91 98 89 84 30 25 72 9 15 83 6 60 84 12 61 55 44 37 21 65 50 76 19 67 8 95 46 43 81 13 28 81 30 28 8 39 78 79 69 25 1 52 52 39 61 69 54 83 63 76 94 15 37 92 84 7 34 8 92 3 79 20 14 70 40 30 19 87 37 68 73 28 6 37 27 92 4 35 75 48 34 87 64 35 66 76 45 97 61 16 35 48 51 31 70 61 89 38 12 75 3 33 64 8 48 71 90 96 10 97 5 72 96 98 74 77 44 92 44 36 99 81 45 36 12 97 44 37 1 65 58 6 22 2 3 2 73 47 79 45 5 19 38 25 35 7 98 74 12 47 15 98 94 17 93 23 51 89 92 5 52 2 68 88 50 84 18 100 92 82 45 18 34 3 74 20 87 86 38 47 26 48 59 87 78 67 15 42 46 26 70 70 7 84 89 24 19 39 76 26 27 65 94 24 67 83 11 56 21 21 3 41 100 4 11 65 32 46 80 27 69 39 14 16 41 100 42 46 27 15 3 85 52 26 3 80 92 32 92 93 96 51 18 75 47 86 37 5 43 3 36 70 47 1 23 97 1 58 95 90 63 85 73 68 59 16 15 45 13 89 23 56 86 25 84 51 73 32 12 33 74 83 89 35 91 12
940
470
80 86 57 79 93 23 24 10 66 19 69 63 78 44 89 12 63 16 7 70 28 23 79 51 67 7 100 27 69 91 25 53 27 19 79 66 18 91 22 86 6 59 59 79 2 73 98 63 19 18 29 11 69 75 26 49 22 79 49 34 90 89 23 1 52 46 93 81 68 42 89 11 32 88 80 18 80 10 5 42 61 41 82 100 72 96 81 49 71 9 63 61 50 3 8 89 100 91 90 15 6 53 51 99 56 47 67 21 54 59 4 15 17 8 57 87 7 10 99 88 35 78 90 27 53 51 16 42 73 82 35 15 51 31 69 76 59 26 33 63 7 42 13 61 69 35 2 52 73 90 39 62 31 93 97 49 80 90 71 24 46 88 83 72 19 69 73 73 61 98 59 48 17 49 17 95 15 9 51 61 1 6 91 2 15 78 27 81 74 11 19 47 37 29 35 22 60 14 75 67 68 8 41 60 83 14 41 27 61 14 82 61 70 41 46 85 9 50 22 5 57 59 80 2 97 33 46 71 80 58 71 80 17 74 15 2 6 89 25 70 20 51 76 86 59 26 51 59 34 12 11 68 47 93 89 47 58 60 97 58 2 86 9 85 76 14 70 41 16 44 73 56 96 23 9 1 95 36 23 10 90 18 84 53 46 88 39 70 94 33 6 15 21 36 73 59 11 11 17 93 70 15 86 49 60 99 35 80 65 57 80 98 88 100 24 82 93 99 23 32 42 77 80 4 69 84 95 53 38 22 46 99 87 49 82 94 17 28 30 87 22 92 33 12 95 57 54 76 93 79 79 65 88 75 40 65 24 45 1 74 52 67 43 18 14 47 42 18 49 25 62 27 7 87 59 58 7 74 73 98 97 50 97 49 80 61 40 86 86 5 7 18 55 75 80 14 6 34 64 86 58 88 55 22 93 47 80 94 43 7 80 16 9 13 25 64 64 64 2 77 71 9 13 17 77 26 82 30 81 94 91 18 87 32 16 7 8 31 18 92 30 81 77 79 24 81 1 10 85 94 51 7 69 89 12 56 56 9 58 31 12 30 64 70 90 42 48 23 94 6
950
475
65 26 9 52 28 22 90 45 60 95 35 96 13 34 79 32 50 77 72 28 17 33 95 79 79 73 36 49 20 99 18 14 80 85 29 21 72 3 70 41 96 90 61 18 57 66 66 21 23 8 27 91 87 52 92 14 71 91 28 32 33 34 56 71 75 70 100 13 55 68 11 43 28 75 27 90 39 80 92 91 5 58 30 18 45 88 46 35 94 85 93 30 2 20 94 24 52 41 73 54 4 34 72 33 45 79 85 48 80 69 100 36 22 40 14 29 75 30 98 51 43 67 98 33 90 45 76 93 100 21 60 18 16 8 1 14 5 88 6 74 77 49 30 53 89 52 45 18 84 1 29 19 49 66 66 70 79 23 8 65 60 22 54 65 10 62 10 26 99 91 82 70 100 51 18 42 8 95 75 26 97 42 62 98 13 35 67 69 63 71 43 24 64 31 88 4 8 70 6 22 82 88 51 65 51 72 45 21 39 42 47 61 62 55 69 66 4 70 53 13 8 41 8 98 76 4 33 44 66 14 2 32 46 17 16 35 70 89 17 40 37 70 80 84 7 93 72 5 84 90 76 50 41 12 65 87 21 37 71 74 57 40 74 61 15 69 15 12 70 53 63 28 82 16 3 50 66 8 3 72 67 42 60 12 50 40 95 76 1 70 34 54 84 6 25 3 51 56 55 60 16 6 88 1 79 54 72 53 83 99 89 59 67 8 61 41 14 24 52 49 68 100 72 23 47 38 91 26 39 29 4 48 16 31 46 12 28 17 5 30 26 29 26 57 83 55 39 57 50 92 74 32 63 17 36 85 25 42 68 37 95 5 69 10 61 72 12 97 93 94 36 55 67 7 6 65 23 33 82 35 53 7 7 52 12 64 21 45 53 80 26 79 75 99 62 40 17 16 33 42 10 29 73 44 72 70 51 72 63 51 9 97 59 72 59 94 34 26 81 56 42 60 59 89 8 62 12 37 36 58 47 61 66 40 46 84 33 85 94 26 74 88 66 75 92 89 8 30 63 22 2 54 58 48 99 58 68 17 82 54 36 56 94 63 52 44 99 7 62 33 1 59 44 61 33
960
480
57 36 93 98 94 5 14 62 5 62 65 41 33 2 98 72 96 65 54 67 28 54 47 52 31 100 47 72 78 27 17 91 30 5 69 28 88 96 87 43 68 49 17 83 59 76 26 59 6 17 54 42 13 44 45 16 93 10 58 40 43 13 83 52 58 97 48 51 60 74 21 49 85 49 72 96 60 92 65 1 18 69 74 11 79 40 56 91 1 8 89 52 51 1 90 58 44 15 63 28 26 27 95 97 68 89 66 41 21 3 49 60 64 47 35 56 100 17 75 33 32 21 49 32 62 21 22 52 14 95 30 57 69 51 55 60 83 44 29 56 32 88 4 28 98 80 57 61 72 10 40 75 87 14 52 9 99 86 40 25 13 95 2 32 41 29 98 59 40 30 97 97 66 22 22 47 31 70 24 21 27 85 96 87 44 59 19 77 44 85 47 79 95 56 91 19 68 19 29 59 71 76 64 55 38 47 55 83 5 63 71 74 6 18 43 73 65 85 49 96 57 53 28 50 55 40 25 41 97 89 98 43 72 52 36 18 39 97 76 20 32 35 39 47 49 65 80 4 47 88 37 89 97 19 86 64 69 82 38 49 61 46 40 29 61 70 81 34 16 4 47 27 73 34 92 55 5 9 40 2 69 61 84 46 94 92 74 46 54 63 71 29 43 80 51 80 27 39 76 17 71 58 53 29 98 65 58 90 21 21 65 78 19 13 19 74 47 88 56 11 16 34 25 11 17 79 75 94 46 57 19 87 17 13 17 81 72 12 24 81 76 86 62 80 76 14 85 75 89 9 38 54 68 54 35 10 47 86 75 43 3 8 70 48 58 18 37 12 89 34 78 43 29 63 56 94 60 52 32 45 50 93 85 14 4 46 75 74 43 51 66 2 32 78 26 68 98 97 62 98 72 34 60 42 23 39 72 80 35 72 80 44 78 39 60 74 84 65 82 19 34 64 15 51 32 46 75 100 23 69 63 54 52 61 13 86 71 13 88 69 52 74 68 11 75 63 19 77 20 11 64 35 49 99 18 29 18 81 17 10 66 11 13 70 18 96 73 42 82 52 15 90 41 48 39 4 65 81 14 99
